220.04
222.98
223.10
223.15
224.13
225.09
226.18
228.96
228.20
231.93
231.97
233.15
234.13
234.16
234.96
235.93
235.17
236.10
237.09
237.18
239.90
239.95
242.94
242.03
243.02
244.19
245.23
246.10
247.94
247.23
247.24
251.14
251.04
252.23
253.18
254.96
254.25
256.09
256.26
258.92
259.19
261.07
262.05
263.24
264.25
264.93
265.15
265.20
265.25
266.95
269.21
270.97
270.07
271.23
271.92
272.26
274.27
275.12
278.90
278.25
279.16
280.26
280.10
280.91
281.05
281.95
282.28
282.22
283.21
284.29
287.22
289.99
293.18
294.95
294.24
294.15
295.00
296.26
297.15
297.29
298.27
299.92
299.00
299.31
300.29
301.14
301.13
302.23
302.31
304.25
304.21
304.91
304.90
305.25
306.08
306.94
306.25
307.86
308.09
308.28
308.29
309.20
310.31
311.17
312.94
312.33
313.27
313.97
317.15
319.30
320.24
320.89
321.32
323.90
324.00
325.32
325.18
326.27
327.25
327.08
327.95
327.96
328.91
328.92
329.00
329.01
332.96
334.94
334.31
336.86
336.01
336.33
339.20
339.34
339.29
340.36
340.06
341.05
341.35
342.01
346.89
348.86
348.90
349.20
350.98
352.32
352.36
353.35
354.34
354.12
355.37
359.97
360.99
360.32
362.88
362.87
362.93
362.99
365.88
366.23
366.37
366.90
367.34
368.42
370.30
370.00
371.36
371.32
372.31
372.26
372.13
374.24
374.28
376.26
376.32
376.30
377.02
378.98
378.02
379.01
381.00
381.37
384.35
384.05
385.31
385.38
385.35
385.22
388.34
389.28
390.87
391.89
391.28
392.29
393.07
394.29
394.22
398.40
399.39
400.34
403.23
408.31
409.14
409.31
411.32
413.27
413.38
414.17
416.85
416.39
419.32
419.98
420.84
420.25
422.29
423.28
423.27
424.34
424.36
424.28
426.36
427.38
428.37
429.24
429.09
430.99
431.38
433.30
433.33
435.18
435.39
436.32
436.81
436.38
436.34
440.92
441.25
441.30
444.40
445.29
445.12
445.79
446.12
446.41
447.33
447.12
447.35
449.36
450.36
451.43
451.29
452.20
453.79
456.29
456.22
457.16
457.27
458.27
462.15
462.03
463.32
465.33
465.14
466.34
466.14
467.30
468.39
469.78
471.30
472.83
472.44
473.13
473.28
474.98
475.36
476.28
478.29
480.31
482.79
484.45
488.36
488.81
489.31
489.40
489.82
489.28
490.28
491.46
492.44
493.35
493.39
496.34
496.38
497.32
499.33
500.78
504.27
504.08
506.29
508.30
508.21
509.32
510.49
511.79
511.33
512.42
513.84
513.09
518.36
518.23
518.49
518.24
519.14
520.34
522.36
522.15
524.37
527.86
528.27
529.27
530.29
530.87
531.41
532.39
532.47
532.44
534.49
537.54
537.17
538.52
539.26
543.78
546.40
546.52
547.52
552.53
552.51
554.18
554.51
554.87
555.85
555.84
556.44
556.49
558.49
558.51
560.50
562.52
563.55
564.54
565.57
566.35
566.55
568.53
571.48
571.91
571.90
571.88
573.90
574.27
574.46
574.56
576.41
577.52
580.49
581.56
582.51
582.55
584.47
584.53
585.34
586.52
586.53
586.54
587.36
587.47
588.53
588.50
589.48
590.43
590.51
590.47
590.48
590.55
591.50
592.47
593.60
593.46
594.58
595.29
596.49
596.53
596.56
597.30
597.80
598.50
598.54
600.47
601.52
602.49
603.54
603.50
603.53
604.44
604.53
604.49
604.51
605.55
606.49
606.46
607.47
607.51
608.52
609.45
609.59
609.56
609.43
609.52
610.46
610.54
610.58
611.19
611.54
611.18
612.52
612.48
612.55
612.56
612.18
614.55
614.56
614.57
615.49
616.50
616.53
617.50
617.51
618.52
619.47
620.44
620.50
620.58
620.47
623.54
624.52
624.56
624.59
625.43
625.42
626.53
626.54
626.57
628.49
628.50
629.49
630.51
630.52
631.47
631.53
631.51
632.39
632.53
632.52
633.49
633.52
633.96
634.41
634.54
635.50
636.42
636.47
636.56
637.31
637.62
638.34
638.56
638.57
639.50
639.57
640.59
640.58
641.50
641.51
642.52
642.59
643.52
644.49
644.52
644.53
645.49
645.54
645.52
645.46
646.54
647.50
647.48
647.54
650.44
650.55
651.44
652.55
652.59
654.33
654.57
654.60
655.47
657.50
657.53
657.49
659.27
659.51
659.55
659.50
660.46
660.55
660.56
661.53
661.52
662.48
662.57
664.59
665.50
665.45
666.60
666.57
667.52
668.62
669.53
671.55
671.48
672.55
673.53
674.44
674.57
675.54
675.51
675.50
676.46
676.49
676.55
677.52
678.47
678.69
678.51
678.57
679.43
680.58
681.47
681.49
682.60
683.51
683.49
685.53
685.20
685.54
686.48
687.55
687.54
687.20
687.53
688.49
688.64
689.52
689.56
690.51
691.54
692.52
692.63
693.53
697.56
698.26
699.58
700.53
700.50
701.56
701.41
702.21
702.51
702.54
702.60
702.52
703.57
703.58
703.54
704.52
704.56
705.58
705.59
705.55
706.54
708.58
709.54
710.59
712.49
712.61
714.51
714.54
715.58
716.52
716.56
717.55
717.59
718.54
718.58
720.55
720.56
721.56
723.54
723.51
724.53
725.56
726.50
726.54
728.52
728.46
728.56
729.59
730.54
730.58
731.60
731.61
731.54
732.55
732.60
732.56
732.58
732.59
733.62
734.47
734.57
734.62
734.51
736.58
736.61
738.51
738.50
738.62
738.63
738.66
740.52
740.63
740.64
741.53
742.54
743.61
743.58
744.55
744.59
744.56
745.55
745.50
745.59
745.62
746.57
746.61
747.56
747.52
747.61
748.58
748.57
748.59
748.62
750.53
750.55
750.54
750.66
751.57
752.56
752.64
753.59
754.54
754.48
754.56
754.57
756.55
756.48
756.49
756.58
756.59
757.62
758.56
758.57
758.63
758.61
759.57
759.64
759.55
760.58
760.51
760.59
760.64
760.56
761.22
761.59
761.60
762.51
762.53
762.59
762.50
762.60
764.52
764.61
764.64
764.68
766.56
766.54
766.52
766.66
766.69
768.55
768.53
768.67
768.71
769.56
769.59
770.57
770.51
770.61
770.56
770.55
771.61
772.45
772.59
772.08
772.62
772.58
772.27
773.58
773.28
774.53
774.60
774.63
774.54
774.64
775.60
776.23
776.54
776.61
776.56
776.62
778.48
778.56
778.57
778.66
778.69
779.60
780.55
780.49
780.67
780.71
782.57
782.49
782.51
782.61
782.65
782.72
784.51
784.59
784.58
784.53
785.58
785.57
785.61
786.53
786.59
786.50
786.60
787.60
787.59
787.58
787.62
788.54
788.55
788.61
788.52
788.62
788.63
789.61
790.52
790.56
790.55
790.61
790.62
790.53
790.51
790.63
790.66
790.69
792.54
792.53
792.67
792.71
794.57
794.61
794.55
794.53
794.69
794.72
795.58
795.61
795.68
796.53
796.58
796.59
796.62
796.54
796.55
796.74
797.59
797.63
798.47
798.60
798.54
798.09
798.68
798.63
799.64
799.62
799.68
800.54
800.48
800.62
800.11
800.65
800.68
801.55
801.61
801.60
801.64
802.56
802.48
802.55
802.63
802.69
804.55
804.49
804.57
804.71
805.58
805.53
806.57
806.59
806.51
806.72
807.07
808.57
808.59
808.51
808.58
808.67
808.70
808.74
809.59
809.08
810.53
810.60
810.59
810.52
810.50
810.64
811.59
811.62
812.61
812.54
812.60
812.56
812.62
812.52
812.66
813.60
813.64
814.52
814.55
814.62
814.63
814.64
815.62
815.65
816.57
816.58
816.61
816.65
816.71
816.66
817.07
818.54
818.59
818.72
819.61
820.53
820.56
820.60
820.62
820.74
821.56
822.48
822.54
822.58
822.68
822.75
822.76
823.68
824.48
824.56
824.70
825.64
825.69
826.56
826.49
826.50
826.57
826.71
827.71
828.57
828.56
828.52
828.51
828.65
829.65
829.67
830.57
830.59
830.52
832.57
832.60
832.61
832.24
832.70
832.74
833.52
833.74
834.59
834.72
834.75
834.76
835.53
836.60
836.73
836.77
837.64
838.50
839.65
839.71
840.51
840.66
841.57
842.46
842.52
842.72
842.67
843.47
844.54
844.74
844.69
845.56
845.63
846.63
846.76
847.53
847.57
847.58
848.76
848.77
849.55
849.59
849.58
850.56
850.78
850.79
851.60
851.71
851.78
852.56
852.57
852.73
853.67
853.73
854.58
855.68
855.74
856.69
857.52
857.68
857.70
858.76
859.53
860.73
860.74
860.77
861.55
862.75
862.79
863.57
863.56
864.56
864.80
866.58
866.61
866.67
868.59
868.54
868.47
868.63
868.69
868.75
869.37
869.60
869.70
870.55
870.48
870.75
870.76
870.70
871.57
871.72
872.56
872.49
872.57
872.77
872.71
872.72
873.49
873.56
873.58
873.66
874.56
874.51
874.79
875.50
876.56
876.50
876.57
876.80
877.73
877.80
878.58
878.57
878.51
878.59
878.82
879.74
879.81
880.58
880.59
880.72
880.82
881.52
881.70
881.76
882.61
882.56
882.73
883.53
883.72
883.77
885.37
885.55
885.67
885.73
886.40
886.45
886.53
886.75
886.79
887.56
887.54
888.54
888.47
888.80
890.53
890.78
890.82
891.36
892.47
892.55
892.83
893.70
894.48
894.70
896.50
896.71
896.72
897.49
897.56
897.73
898.58
898.73
898.79
898.72
898.74
899.50
899.58
900.56
900.74
900.75
901.52
901.60
901.65
902.40
902.58
903.66
903.74
903.81
904.59
904.51
904.82
904.83
905.41
905.51
905.76
905.83
906.61
906.26
906.83
906.85
907.35
907.33
907.53
907.77
907.84
909.55
909.73
909.79
912.53
912.71
912.75
914.43
914.55
914.72
916.74
916.56
916.80
917.64
918.85
919.68
920.72
921.49
922.77
922.73
923.33
923.50
923.75
924.79
924.80
924.74
924.75
925.52
925.76
926.75
927.52
929.36
929.53
929.47
930.43
930.72
930.85
932.87
933.46
935.65
940.55
943.49
943.56
945.51
945.72
948.79
950.80
956.52
960.55
966.56
971.73
980.28
982.54
1486.08
1488.10
1510.08
