350.72
350.20
350.70
350.19
350.69
351.17
351.23
351.19
351.53
351.21
351.52
352.22
352.53
352.86
352.69
356.18
356.52
357.20
357.73
357.71
357.45
357.23
358.70
358.20
358.17
358.19
358.22
358.74
359.03
359.87
359.20
359.66
359.72
359.71
359.22
360.20
360.18
360.72
360.19
360.21
361.56
361.22
361.54
361.45
361.85
361.87
361.86
361.20
361.19
361.84
361.71
361.68
361.73
361.24
362.20
362.88
362.73
362.23
362.87
362.22
363.79
363.53
363.54
363.67
363.87
363.20
363.94
363.71
363.21
363.19
364.19
364.67
364.64
364.87
364.21
364.24
364.22
365.73
365.88
365.69
365.86
365.22
365.25
365.52
365.70
365.19
365.23
365.72
366.21
366.70
366.22
366.89
366.18
366.85
366.19
366.20
367.93
367.67
367.54
367.55
367.22
367.17
367.70
367.18
367.71
367.73
367.20
367.68
368.70
368.90
368.86
368.51
368.88
368.74
368.19
368.72
368.22
368.87
368.71
369.68
370.74
370.19
371.86
371.23
372.21
372.22
372.73
373.70
373.21
373.57
373.73
374.10
374.55
374.74
374.21
374.20
374.68
374.22
374.19
374.73
374.71
374.16
375.90
375.58
375.87
375.20
375.70
375.23
375.54
375.22
375.75
375.72
376.86
376.52
376.53
376.20
376.19
376.87
376.21
376.22
376.26
376.18
376.74
377.19
377.20
377.68
377.54
377.52
377.89
377.56
377.73
377.74
378.52
378.19
378.88
378.53
378.83
378.69
378.21
378.20
378.24
378.72
378.67
378.71
379.08
379.19
379.54
379.85
379.87
379.43
379.48
379.88
379.21
379.96
379.69
379.74
379.23
379.24
379.25
379.68
379.57
380.69
380.20
380.54
380.18
380.88
380.23
380.22
380.21
380.19
380.72
380.76
381.53
381.88
381.57
381.90
381.52
381.54
381.82
381.21
381.70
381.22
381.20
382.22
382.54
382.20
382.21
382.47
382.73
382.72
382.70
382.25
382.71
382.19
382.75
383.73
383.22
383.23
383.20
383.21
383.69
383.26
383.24
384.87
384.20
384.86
384.21
384.51
384.54
384.69
384.71
384.70
384.15
384.24
384.19
384.23
384.59
385.85
385.54
385.24
385.23
385.26
385.21
385.71
385.87
385.19
386.20
386.45
386.70
386.23
386.22
386.25
386.69
387.53
387.24
387.15
387.25
387.89
387.22
387.55
387.23
387.73
388.57
388.24
388.54
388.23
388.25
388.88
388.72
388.69
388.64
389.22
389.23
389.70
389.21
389.73
389.24
389.20
390.20
390.93
390.21
390.24
390.56
391.28
391.21
391.74
391.54
391.55
392.89
392.16
392.19
392.90
392.74
392.26
392.75
392.25
392.73
393.72
393.74
393.97
393.20
393.22
393.68
393.76
393.75
393.24
393.25
393.26
393.73
394.86
394.88
394.72
394.20
394.51
394.73
394.23
394.21
394.97
394.74
394.90
394.22
394.85
394.25
395.88
395.24
395.22
395.54
395.21
395.75
395.23
395.90
395.95
395.70
395.20
395.68
395.25
395.73
396.50
396.75
396.19
396.23
396.21
396.72
396.55
396.98
396.90
396.71
396.24
397.80
397.21
397.13
397.23
397.86
397.72
397.24
397.96
397.20
397.58
397.69
397.78
397.74
397.22
398.76
398.46
398.24
398.20
398.70
398.23
398.55
398.22
398.69
398.71
398.90
398.21
399.87
399.21
399.24
399.23
399.55
399.20
399.71
399.26
399.74
399.72
399.25
400.96
400.72
400.75
400.22
400.20
400.21
400.24
400.73
400.89
400.23
400.77
400.19
401.16
401.92
401.21
401.54
401.72
401.76
401.88
401.74
401.73
401.22
401.25
401.26
402.71
402.55
402.45
402.21
402.22
402.54
402.56
402.20
402.72
402.76
402.23
402.73
402.24
402.26
402.75
403.54
403.22
403.55
403.23
403.19
403.57
403.73
403.21
403.72
403.74
403.24
403.71
403.25
404.22
404.23
404.71
404.73
404.47
404.19
404.90
404.26
404.24
404.72
404.74
405.84
405.21
405.20
405.88
405.22
405.53
405.56
405.95
405.25
405.24
405.23
405.73
405.70
405.89
406.90
406.70
406.88
406.87
406.22
406.55
406.56
406.26
406.20
406.73
406.24
406.72
406.25
406.67
406.76
407.55
407.71
407.89
407.70
407.25
407.76
407.23
407.74
407.77
407.24
407.26
407.27
407.75
408.79
408.88
408.24
408.47
408.73
408.23
408.21
408.22
408.68
408.56
408.74
408.27
408.25
408.26
408.92
409.68
409.20
409.58
409.90
409.87
409.21
409.24
409.71
409.72
409.22
409.48
409.23
409.75
409.74
409.56
409.88
409.16
409.18
409.76
409.25
410.26
410.54
410.57
410.88
410.55
410.96
410.68
410.56
410.70
410.74
410.89
410.21
410.73
410.25
410.75
410.72
410.86
410.23
410.77
411.24
411.21
411.73
411.23
411.96
411.98
411.22
411.75
411.70
411.72
411.89
411.27
411.76
411.54
411.20
411.74
411.57
411.25
412.76
412.47
412.21
412.56
412.72
412.57
412.22
412.73
412.55
412.24
412.90
412.78
412.30
412.80
413.27
413.87
413.77
413.45
413.22
413.24
413.56
413.23
413.92
413.72
413.26
413.25
414.23
414.55
414.22
414.47
414.56
414.73
414.75
414.87
414.25
414.18
414.69
414.27
414.24
414.76
415.04
415.01
415.95
415.73
415.58
415.47
415.75
415.90
415.89
415.91
415.74
415.71
415.25
415.69
415.26
416.88
416.74
416.90
416.21
416.26
416.72
416.24
416.75
416.25
416.47
416.27
417.56
417.25
417.46
417.22
417.20
417.19
417.72
417.57
417.23
417.73
418.16
418.23
418.22
418.20
418.76
418.48
418.54
418.24
418.72
418.93
418.31
419.32
419.27
419.54
419.24
419.72
419.58
419.74
419.22
419.23
419.25
419.89
419.59
419.99
419.77
419.78
419.21
419.57
420.22
420.46
420.95
420.55
420.26
420.91
420.54
420.19
420.24
420.71
420.90
420.70
420.76
420.21
420.57
420.88
420.78
420.23
421.53
421.72
421.24
421.91
421.25
421.66
421.22
421.49
421.76
421.75
421.21
421.26
421.77
421.23
421.74
421.78
422.56
422.24
422.20
422.21
422.72
422.55
422.53
422.90
422.25
422.73
422.23
422.27
422.76
422.77
422.74
422.26
422.75
423.19
423.57
423.91
423.21
423.48
423.45
423.22
423.89
423.25
423.73
423.87
423.24
423.74
423.23
423.26
423.20
423.58
423.66
423.70
423.92
423.27
423.60
423.93
424.21
424.96
424.70
424.54
424.23
424.90
424.91
424.74
424.57
424.71
424.26
424.24
424.49
424.92
424.72
424.89
424.76
425.55
425.20
425.95
425.97
425.57
425.19
425.47
425.25
425.23
425.24
425.58
425.72
425.77
425.76
425.74
425.90
425.69
425.88
425.26
426.60
426.73
426.23
426.21
426.22
426.74
426.75
426.26
426.48
426.77
426.25
426.72
426.80
427.72
427.55
428.26
429.09
429.28
430.73
430.24
430.71
431.72
431.23
431.77
431.57
431.74
431.89
431.25
431.48
431.76
431.73
431.71
432.09
432.69
432.87
432.73
432.75
432.76
432.26
432.91
432.71
432.28
432.79
432.22
432.29
432.60
433.23
433.88
433.57
433.96
433.76
433.72
433.24
433.91
433.25
433.73
433.60
434.71
434.72
434.22
434.55
434.88
434.74
434.86
434.58
434.73
434.25
434.77
434.59
434.19
434.76
434.23
434.24
434.27
434.28
435.89
435.56
435.23
435.26
435.21
435.24
435.48
435.54
435.73
435.88
435.20
435.76
435.25
435.22
435.74
435.27
435.28
435.71
435.91
435.78
435.77
436.88
436.24
436.26
436.90
436.69
436.58
436.76
436.89
436.75
436.57
436.74
436.91
436.25
436.96
436.71
436.78
436.77
436.27
436.20
437.57
437.90
437.24
437.75
437.56
437.25
437.23
437.22
437.26
437.55
437.77
437.72
437.73
437.74
437.27
437.76
437.28
438.57
438.84
438.87
438.23
438.99
438.90
438.24
438.47
438.69
438.73
438.72
438.75
438.74
438.78
438.27
438.26
439.53
439.89
439.75
439.23
439.56
439.72
439.22
439.57
439.73
439.91
439.87
439.74
439.58
439.21
439.26
439.24
439.55
439.97
439.76
439.28
440.87
440.25
440.24
440.73
440.77
440.23
440.91
440.29
441.24
441.22
441.57
441.21
441.74
441.54
441.23
441.26
441.73
441.27
441.25
441.28
441.29
441.31
441.76
441.79
442.88
442.55
442.24
442.76
442.72
442.57
442.29
442.71
442.74
442.22
442.59
442.27
442.26
442.28
442.73
442.23
442.25
442.60
442.30
442.80
443.59
443.23
443.75
444.27
444.22
444.47
445.76
445.55
446.12
446.26
446.19
447.77
447.56
447.21
447.54
447.76
447.88
447.73
447.26
447.25
447.24
447.28
447.72
447.75
447.19
448.46
448.24
448.23
448.57
448.78
448.73
448.72
448.22
448.75
448.59
448.28
448.12
449.58
449.57
449.72
449.24
449.97
449.55
449.91
449.74
449.89
449.88
449.98
449.77
449.25
449.28
449.27
449.23
450.98
450.89
450.21
450.47
450.27
450.23
450.46
450.72
450.73
450.90
450.25
450.24
450.30
450.22
450.76
450.28
450.79
450.78
451.74
451.91
451.88
451.72
451.90
451.24
451.55
451.26
451.25
451.00
451.22
451.73
451.27
451.76
451.56
451.28
451.78
451.29
451.18
452.87
452.24
452.21
452.58
452.26
452.25
452.92
452.91
452.56
452.75
452.66
452.90
452.77
452.74
452.28
452.22
452.57
452.27
452.30
452.95
452.78
452.80
453.79
453.91
453.23
453.98
453.57
453.21
453.56
453.72
453.92
453.93
453.55
453.24
453.76
453.28
453.26
453.27
453.22
453.29
453.77
453.34
453.95
453.78
454.22
454.54
454.46
454.75
454.90
454.89
454.74
454.73
454.78
454.25
454.72
454.23
454.71
454.24
454.32
454.27
454.50
454.76
454.94
455.76
455.21
455.73
455.49
455.48
455.74
455.23
455.91
455.25
455.22
455.26
455.72
455.57
455.88
455.75
455.93
455.24
455.29
455.78
456.22
456.26
456.76
456.25
456.21
456.73
456.71
456.00
456.24
456.77
456.28
456.29
456.58
456.51
456.74
456.32
457.22
457.28
457.55
457.23
457.58
457.25
457.86
457.24
457.47
457.91
457.88
457.56
457.19
457.72
457.76
457.74
457.79
457.60
457.53
457.27
458.20
458.58
458.91
458.92
458.26
458.56
458.89
458.54
458.22
458.69
458.70
458.76
458.25
458.24
458.71
458.59
458.23
458.27
458.57
458.79
458.62
459.74
459.59
459.20
459.24
459.19
459.26
459.57
459.75
459.23
459.28
459.91
459.25
459.29
459.94
459.30
459.18
459.84
460.56
460.99
460.50
460.27
460.25
460.75
460.23
460.28
460.76
460.94
460.96
461.25
461.47
461.92
461.74
461.26
461.24
461.73
461.27
461.28
461.75
461.29
461.79
461.91
461.76
461.89
462.29
462.72
462.15
462.26
462.27
462.23
462.90
462.95
462.73
462.78
462.57
462.71
462.91
462.74
462.50
463.71
463.89
463.25
463.58
463.26
463.72
463.92
463.23
463.24
463.55
463.73
463.77
463.22
463.79
463.74
463.60
463.29
464.56
464.76
464.25
464.72
464.75
464.54
464.57
464.88
464.58
464.22
464.48
464.27
464.28
464.77
464.63
464.30
464.81
465.74
465.89
465.98
465.26
465.91
465.24
465.99
465.72
465.59
465.92
465.23
465.28
465.78
465.27
465.49
465.76
465.94
465.79
465.80
465.25
465.54
466.92
466.25
466.69
466.23
466.74
466.27
466.56
466.24
466.22
466.75
466.89
466.93
466.79
466.26
466.57
466.76
466.73
466.78
466.61
467.24
467.96
467.60
467.57
467.74
467.72
467.26
467.91
467.25
467.75
467.58
467.55
467.73
467.28
467.94
467.27
467.23
467.30
467.61
467.62
467.32
468.57
468.24
468.23
468.27
468.58
468.55
468.48
468.25
468.59
468.74
468.75
468.76
468.26
468.79
469.25
469.74
469.76
469.92
469.99
469.23
469.24
469.73
469.77
469.89
469.60
469.62
469.56
469.91
469.79
469.30
469.55
470.25
470.90
470.93
470.24
470.23
470.75
470.57
470.73
470.98
470.91
470.78
470.30
470.26
470.79
470.28
471.80
471.92
471.71
471.73
471.25
471.57
471.29
471.76
471.87
471.27
471.77
471.60
471.26
471.72
471.93
471.24
471.02
471.75
471.31
471.95
472.23
472.90
472.74
472.97
472.27
472.92
472.21
472.50
472.22
472.56
472.20
472.24
472.77
472.26
472.93
472.76
472.31
472.29
472.30
472.79
472.80
472.04
472.94
472.70
473.99
473.89
473.91
473.55
473.47
473.92
473.50
473.25
473.26
473.57
473.75
473.94
473.24
473.60
473.76
473.27
473.30
473.01
473.95
473.05
473.28
473.31
473.33
474.22
474.24
474.90
474.58
474.50
474.76
474.59
474.26
474.57
474.60
474.18
474.56
474.74
474.73
474.29
474.28
474.31
474.30
474.75
474.79
474.81
475.59
475.26
475.21
475.57
475.89
475.23
475.29
475.22
475.73
475.24
475.49
475.55
475.94
475.77
475.28
475.76
475.60
475.99
475.27
475.79
475.00
476.27
476.99
476.25
476.24
476.73
476.23
476.26
476.90
476.58
476.72
476.57
476.60
476.91
476.94
476.49
476.76
476.59
476.21
476.75
476.31
476.52
476.50
476.74
476.62
476.55
477.26
477.20
477.53
477.75
478.00
477.57
477.60
477.92
477.93
477.25
477.24
477.59
477.91
477.77
477.47
477.31
477.27
477.82
477.62
477.63
477.96
477.81
477.80
478.48
478.58
478.27
478.20
478.25
478.93
478.23
478.76
478.95
478.28
478.79
478.31
478.30
478.98
478.29
478.62
479.97
479.56
479.58
479.49
479.21
479.77
479.00
479.74
480.00
479.78
479.75
479.88
479.26
479.27
479.18
479.25
479.28
479.29
479.01
479.60
479.76
479.95
479.59
479.30
479.54
480.72
480.23
480.26
480.58
480.25
480.76
480.79
480.60
480.61
480.24
480.90
480.77
480.73
480.29
480.78
480.27
480.91
480.80
481.96
481.58
481.77
481.60
481.86
481.55
481.76
481.75
481.25
481.57
481.74
481.26
481.59
481.90
481.92
481.73
481.66
481.27
481.79
481.52
481.19
481.28
481.29
481.69
481.32
481.30
482.24
482.58
482.22
482.25
482.91
482.59
482.23
482.01
482.57
482.76
482.78
482.27
482.28
482.60
482.29
482.30
483.24
483.94
483.89
483.25
483.56
483.22
483.75
483.51
483.59
483.27
483.23
483.93
483.50
483.95
483.72
483.28
483.26
483.60
483.01
483.77
483.30
483.80
483.05
484.25
484.58
484.74
484.23
484.48
484.92
484.75
484.28
484.26
484.29
484.94
484.77
484.81
484.87
484.52
485.27
485.56
485.26
485.73
485.51
485.25
485.79
485.22
485.92
485.77
485.75
485.29
485.93
485.28
485.82
485.58
485.24
485.59
486.90
486.60
486.26
486.49
486.24
486.51
486.59
486.76
486.62
486.79
486.01
486.94
486.29
486.31
486.50
486.25
486.30
486.63
487.58
487.27
487.89
487.26
487.74
487.25
487.78
487.77
487.01
487.24
487.28
487.30
487.57
487.92
487.76
487.75
487.31
487.97
487.56
487.61
487.37
487.16
488.24
488.75
488.23
488.91
488.25
488.92
488.73
488.80
488.59
488.93
488.27
488.18
488.76
488.29
488.87
488.28
488.57
488.79
488.98
488.31
488.78
489.89
489.22
489.74
489.49
489.75
489.79
489.00
489.29
489.57
489.26
489.27
489.93
489.33
489.61
489.31
489.28
489.81
490.24
490.49
490.79
490.57
490.58
490.25
490.93
490.71
490.27
490.73
490.76
490.74
490.60
490.64
490.29
490.78
490.96
490.80
490.05
490.28
490.30
491.91
491.27
491.26
491.90
491.99
491.25
491.58
491.29
491.77
491.32
491.30
491.56
492.26
492.90
492.49
492.25
492.92
492.27
492.78
492.75
492.58
492.28
492.30
492.23
492.94
492.60
492.22
492.74
492.81
493.21
493.74
493.77
493.80
493.89
493.92
493.60
493.28
493.31
493.23
493.58
493.27
493.62
493.30
493.50
493.76
493.81
493.79
493.65
493.29
494.57
494.91
494.72
494.74
494.75
494.25
494.26
494.58
494.01
494.77
494.24
494.30
494.76
494.96
494.79
494.29
494.94
494.93
494.98
494.97
494.80
494.81
494.05
494.31
495.25
495.89
495.60
495.56
495.62
495.77
495.92
495.78
495.94
495.22
495.57
495.76
495.02
495.48
495.28
495.95
495.24
495.93
495.01
495.29
495.81
495.27
495.06
495.82
495.31
496.93
496.58
496.25
496.26
496.92
496.24
496.78
496.59
496.49
496.57
496.60
496.76
496.63
496.80
496.77
496.23
496.22
496.75
496.29
496.30
496.32
496.98
496.97
497.98
497.24
497.91
497.26
497.76
497.72
497.75
497.51
497.27
497.52
497.78
497.58
497.59
497.62
497.21
497.31
497.60
497.28
497.29
498.23
498.59
498.91
498.50
498.75
498.27
498.74
498.26
498.72
498.76
498.28
498.25
498.51
498.77
498.04
498.96
498.64
498.33
498.30
498.56
499.91
499.49
499.74
499.47
499.75
499.25
499.93
499.59
499.26
499.48
499.73
499.27
499.31
499.22
499.92
499.29
499.28
499.62
499.78
499.06
500.22
500.27
500.23
500.25
500.58
500.57
500.73
500.79
500.78
500.28
500.77
500.59
500.50
500.21
500.49
500.76
500.24
500.80
500.74
500.29
500.60
500.81
500.94
500.31
501.27
501.26
501.76
501.25
501.89
501.78
501.50
502.00
501.30
501.62
501.93
501.79
501.24
501.28
501.96
501.77
501.56
502.97
502.26
502.25
502.94
502.30
502.28
502.81
502.65
502.57
503.76
503.77
503.27
503.29
503.88
503.74
503.26
503.79
503.59
503.31
505.00
504.28
504.27
504.78
504.25
504.95
504.76
504.30
504.23
504.26
504.77
504.52
504.98
505.93
505.91
505.31
505.76
505.02
505.25
505.75
505.99
505.27
505.58
505.22
505.28
505.72
505.92
505.24
505.62
505.26
505.97
505.81
505.06
506.58
506.28
506.56
506.59
506.75
506.95
506.00
506.25
506.30
506.26
506.96
506.27
506.31
506.83
506.98
506.77
506.80
507.58
507.76
507.92
507.22
507.27
507.51
507.26
507.73
507.75
507.81
507.23
507.29
507.77
507.03
507.24
507.28
507.80
507.30
507.32
507.78
507.07
507.97
507.14
508.21
508.60
508.01
508.74
508.27
508.93
508.76
508.25
508.28
508.29
508.79
508.80
508.77
508.81
508.61
508.63
508.33
508.31
508.32
509.72
509.58
509.49
509.59
509.60
509.76
509.51
509.77
509.25
509.74
509.26
509.93
509.75
509.32
509.30
509.62
509.73
509.29
509.80
509.82
509.57
510.00
510.25
510.50
510.92
510.62
510.27
510.94
510.73
510.33
510.28
510.79
510.29
510.03
510.98
510.30
510.96
510.63
510.26
511.26
511.25
511.98
511.93
511.28
511.57
511.73
511.29
511.61
511.74
511.79
511.27
511.96
511.31
511.78
511.60
511.32
511.97
511.51
511.33
511.64
511.65
511.81
512.77
512.80
512.57
512.50
512.22
512.25
512.94
512.26
512.27
512.24
512.76
512.51
512.29
512.92
512.82
512.60
512.28
512.62
512.78
512.79
512.65
512.99
513.27
513.26
513.76
513.29
513.24
513.28
513.79
513.59
513.78
513.93
513.72
513.23
513.58
513.75
513.30
513.31
513.53
513.80
513.98
513.32
514.61
514.80
514.59
514.93
514.77
514.28
514.92
514.26
514.31
514.29
515.74
515.93
515.92
515.29
515.72
515.76
515.99
515.53
515.52
515.25
515.33
515.14
515.77
515.59
515.26
515.78
515.55
515.95
515.27
515.98
515.30
516.28
516.24
516.91
516.26
516.93
516.25
516.59
516.90
516.92
516.80
516.29
516.77
516.30
516.54
516.79
516.75
516.03
516.31
516.32
516.76
516.34
516.82
517.26
517.28
517.30
517.29
517.27
517.76
517.32
517.64
517.78
517.33
517.35
518.25
518.73
518.75
518.01
518.63
518.77
518.28
518.83
518.79
518.26
518.76
518.95
518.34
518.66
519.77
519.26
519.92
519.58
519.28
519.94
519.63
519.14
520.93
520.91
520.59
520.33
520.79
520.58
520.28
520.63
520.31
520.25
520.26
520.65
521.79
521.77
521.91
521.61
521.28
521.27
521.80
521.58
521.95
521.29
521.81
521.30
521.76
521.65
522.74
522.58
522.25
522.27
522.29
522.79
522.26
522.78
522.81
522.50
522.30
522.82
523.75
523.77
523.25
523.03
523.27
523.26
523.59
523.31
523.61
523.28
523.58
523.30
523.29
523.78
523.53
523.72
523.32
523.00
524.61
524.26
524.28
524.01
524.51
524.25
524.79
524.76
524.60
524.27
524.94
524.91
524.92
524.77
524.80
524.56
524.02
524.96
524.62
524.95
524.83
524.86
524.29
524.58
524.88
524.38
525.99
525.94
525.79
525.26
525.22
525.75
525.27
525.92
525.29
525.93
525.53
525.76
525.78
525.59
525.97
525.01
525.23
525.62
525.77
525.28
525.82
525.24
525.31
525.33
525.34
526.79
526.26
526.91
526.93
526.73
526.29
526.78
526.95
526.03
526.75
526.27
526.77
526.61
526.80
526.30
526.28
526.32
526.63
526.60
526.24
526.96
526.74
526.81
526.83
526.31
526.66
526.33
527.01
527.78
527.79
527.27
527.24
527.91
527.76
527.59
527.29
527.95
527.25
527.32
527.28
527.61
527.81
527.30
527.31
527.33
527.66
527.07
527.88
528.24
528.58
528.00
528.25
528.51
528.28
528.30
528.50
528.76
528.79
528.63
528.29
528.31
528.80
528.78
528.81
528.56
528.32
528.27
528.08
528.77
529.28
529.60
529.24
529.99
529.80
529.27
529.92
529.52
529.25
529.30
529.32
529.26
529.81
529.79
529.33
529.29
529.63
529.82
529.09
530.61
530.28
530.26
530.78
530.25
530.89
530.90
530.27
530.76
530.29
530.96
530.94
530.80
530.79
530.32
530.30
530.64
530.34
530.33
530.77
530.65
530.57
531.26
531.51
531.27
531.24
531.62
531.25
531.52
531.29
531.28
531.70
531.76
531.31
531.30
531.94
531.61
531.82
531.77
531.32
531.75
531.80
531.84
531.81
531.33
531.98
531.34
532.24
532.27
532.25
532.26
532.53
532.79
532.28
532.92
532.91
532.30
532.05
532.95
532.32
532.78
532.22
532.86
532.00
532.80
532.34
532.33
533.26
533.61
533.00
533.52
533.90
533.29
533.74
533.63
533.31
533.27
533.79
533.30
533.76
533.34
533.94
533.24
533.03
533.28
533.82
533.85
533.35
533.77
534.61
534.28
534.51
534.27
534.80
534.29
534.77
534.96
534.25
534.30
534.81
535.57
535.77
535.33
535.29
535.30
535.81
535.80
535.78
535.32
535.95
536.79
536.28
536.76
536.17
536.27
536.95
536.31
536.25
536.63
536.93
537.28
537.32
537.30
537.26
537.29
537.68
537.15
538.59
538.52
538.77
538.76
538.30
538.91
538.51
538.29
538.62
538.26
538.61
538.25
538.60
538.94
538.28
538.78
538.93
538.75
538.79
538.27
538.33
538.17
539.28
539.60
539.23
539.29
539.90
539.27
539.93
539.80
539.26
539.53
539.76
539.30
539.25
539.32
539.02
539.24
539.79
539.83
539.87
539.49
540.28
540.26
540.78
540.58
540.53
540.79
540.75
540.27
540.93
540.25
540.97
540.80
540.94
540.82
540.29
540.33
540.35
540.99
540.10
540.15
541.83
541.28
541.81
541.92
541.23
541.59
541.26
541.27
541.62
541.33
541.61
541.63
541.80
541.78
541.51
541.76
541.30
541.95
541.99
541.34
541.00
541.32
542.63
542.93
542.24
542.79
542.62
542.91
542.94
542.26
542.78
542.76
542.28
542.29
542.33
542.77
542.95
542.30
542.81
542.01
542.80
542.59
543.78
543.94
543.55
543.73
543.30
543.95
543.77
543.82
543.28
543.31
543.79
543.80
543.64
543.29
543.81
543.25
543.63
543.32
543.71
543.09
544.26
544.80
544.29
544.61
544.24
544.32
544.31
544.27
544.30
544.78
544.28
544.77
544.79
544.33
544.64
545.75
545.92
545.91
545.24
545.49
545.26
545.25
545.79
545.02
545.27
545.94
545.30
545.78
545.61
545.29
545.83
545.80
545.95
545.76
545.28
545.34
545.33
545.08
546.27
546.25
546.73
546.59
546.78
546.28
546.79
546.26
546.30
546.77
546.61
546.80
546.76
546.31
546.53
546.29
546.33
546.84
546.68
546.85
546.65
547.27
547.61
547.94
547.74
547.80
547.29
547.26
547.30
547.63
547.28
547.25
547.83
547.78
547.31
547.75
547.66
547.99
547.33
547.68
547.01
548.51
548.62
548.87
548.75
548.25
548.24
548.77
548.29
548.80
548.27
548.83
548.95
548.31
548.60
548.32
548.96
548.85
548.97
548.82
548.84
548.34
548.35
548.79
549.99
549.93
549.76
549.08
549.59
549.79
549.30
549.26
549.27
549.83
549.54
549.81
549.78
549.34
549.29
549.80
549.33
549.82
549.50
549.40
550.29
550.94
550.59
550.02
550.81
550.93
550.26
550.62
550.80
550.31
550.30
550.97
550.98
550.27
550.82
550.24
550.78
550.32
550.28
550.33
550.83
550.00
550.34
550.09
551.29
551.95
551.30
551.58
551.28
551.94
551.78
551.79
551.31
551.77
551.26
551.80
551.85
551.98
551.32
551.34
551.83
551.81
551.00
551.67
551.10
551.27
552.51
552.26
552.78
552.29
552.93
552.58
552.59
552.82
552.27
552.79
552.28
552.30
552.62
552.96
552.31
552.25
552.63
552.32
552.67
552.64
552.81
552.80
552.34
552.35
552.33
553.58
554.00
553.24
553.56
553.63
553.29
553.77
553.64
553.25
553.28
553.62
553.26
553.31
553.03
553.81
553.36
553.30
553.83
553.65
553.33
553.85
553.34
554.53
554.26
554.60
554.92
554.28
554.62
554.59
554.94
554.80
554.82
554.31
554.29
554.33
554.27
554.76
554.95
554.30
554.96
554.65
554.84
554.81
554.32
554.10
554.34
554.18
555.58
555.61
555.29
555.78
555.28
555.77
555.25
555.76
555.39
555.62
555.83
555.35
555.33
555.03
555.54
555.30
555.66
555.68
555.80
555.65
555.36
555.34
555.37
555.18
556.60
556.25
556.61
556.80
556.27
556.93
556.33
556.24
556.30
556.75
556.29
556.28
556.81
556.84
556.78
556.31
556.85
556.34
556.01
557.78
557.94
557.77
557.91
557.93
557.30
557.29
557.55
557.63
557.27
557.02
557.81
557.21
557.79
557.96
557.31
557.33
557.28
557.82
557.85
557.98
558.00
557.01
557.60
557.67
557.35
558.24
558.93
558.29
558.27
558.05
558.31
558.96
558.28
558.94
558.78
558.32
558.64
558.30
558.99
558.33
558.79
558.83
558.35
558.84
558.38
559.28
559.75
559.27
559.32
559.63
559.30
559.33
559.31
559.66
559.34
559.29
559.24
559.80
559.35
559.77
559.83
559.84
560.27
560.62
560.76
560.93
560.03
560.30
560.77
560.28
560.94
560.63
560.29
560.31
560.80
560.33
560.79
560.81
560.35
560.84
560.34
560.00
560.36
560.37
561.63
561.27
561.29
561.61
561.51
561.24
561.94
561.28
561.32
561.52
561.31
561.81
561.76
561.65
561.96
561.79
561.30
561.80
561.78
561.26
561.34
561.35
561.69
561.10
561.33
561.38
562.25
562.95
562.79
562.32
562.77
562.28
562.02
562.23
562.29
562.26
562.31
562.61
562.62
562.80
562.27
562.97
562.82
562.34
562.36
562.78
562.69
562.30
562.86
562.11
563.30
563.95
563.29
563.26
563.63
563.73
563.81
563.94
563.79
563.32
563.97
563.53
563.03
563.02
563.64
563.65
563.85
563.59
563.18
564.30
564.75
564.61
564.94
564.31
564.27
564.80
564.29
564.55
564.34
564.84
564.36
564.82
564.79
564.28
564.63
564.66
564.25
564.62
564.81
564.60
565.28
565.27
565.62
565.29
565.33
565.52
565.01
565.30
565.83
565.79
565.31
565.61
565.99
565.80
565.85
565.68
565.78
565.10
566.01
566.78
566.61
566.60
566.76
566.91
566.28
566.54
566.30
566.80
566.27
566.77
566.62
566.33
566.32
566.31
566.25
566.82
566.26
566.29
566.67
566.66
566.86
566.83
567.60
567.59
567.78
567.28
567.64
567.30
567.96
567.29
567.62
567.61
567.84
567.54
567.32
567.33
567.79
567.00
567.81
567.35
567.10
568.64
568.62
568.28
568.29
568.79
568.56
568.53
568.77
568.80
568.30
568.76
568.32
568.59
568.96
568.84
568.34
568.82
568.85
568.31
568.10
568.86
568.33
568.37
569.93
569.27
569.03
569.95
569.28
569.26
569.51
569.30
569.52
569.97
569.79
569.29
569.77
569.33
569.62
569.31
569.80
569.34
569.35
569.37
569.61
569.19
570.53
570.58
570.80
570.82
570.78
570.62
570.77
570.95
570.32
570.30
570.64
570.26
570.28
570.75
570.81
570.31
570.33
570.29
570.79
570.36
570.35
570.01
570.67
571.31
571.63
571.73
571.30
571.76
571.28
571.04
571.26
571.83
571.77
571.01
571.55
571.34
571.80
571.32
571.78
571.81
571.60
571.33
571.69
571.85
571.10
572.32
572.26
572.34
572.27
572.92
572.82
572.79
572.95
572.28
572.81
572.80
572.94
572.62
573.00
572.30
572.33
572.36
572.84
572.86
573.29
573.62
573.80
573.78
573.27
573.61
573.77
573.73
573.31
573.79
573.75
573.82
573.96
573.97
573.32
573.66
573.30
573.58
573.64
573.06
573.83
573.34
573.33
573.40
573.03
574.80
574.53
574.78
574.28
574.75
574.96
574.26
574.29
574.79
574.31
574.81
574.27
574.30
574.34
574.38
574.35
574.77
574.36
574.40
575.79
575.96
575.81
575.53
575.59
575.32
575.21
575.34
575.29
575.30
575.28
575.05
575.63
575.62
575.25
575.82
575.56
575.54
575.80
575.35
575.86
575.61
575.36
575.67
575.37
576.29
576.97
576.30
576.77
576.26
576.31
576.78
576.80
576.61
576.76
576.83
576.28
576.34
576.93
576.81
576.86
576.62
576.33
576.24
576.03
576.36
576.98
576.38
577.13
577.73
577.30
577.61
577.79
577.83
577.33
577.36
577.29
577.32
577.82
577.62
577.84
577.34
577.27
577.37
577.03
577.86
577.85
577.38
578.31
578.30
578.82
578.74
578.77
578.62
578.29
578.63
578.83
578.95
578.34
578.84
578.36
578.28
578.32
578.72
578.99
578.35
578.68
578.85
578.33
579.75
579.28
579.29
579.98
579.76
579.27
579.36
579.83
579.32
579.30
579.60
579.33
579.31
579.94
579.82
579.97
579.34
579.81
579.69
579.10
579.87
579.61
579.35
579.04
580.80
580.75
580.28
580.30
580.79
580.78
580.82
580.94
580.64
580.96
580.35
580.54
580.58
580.31
580.66
580.36
580.25
580.85
581.81
581.30
581.93
581.78
581.28
581.96
581.79
581.29
581.91
581.63
581.31
581.77
581.32
581.61
581.53
581.27
581.83
581.34
581.95
581.84
581.80
581.69
581.70
581.26
582.27
582.32
582.25
582.77
582.31
582.03
582.28
582.80
582.95
582.54
582.64
582.30
582.81
582.65
582.66
582.26
582.98
582.33
582.34
582.29
582.86
582.04
582.35
582.36
583.78
583.96
583.31
583.27
583.93
583.28
583.30
583.32
583.63
583.35
583.76
583.82
583.65
583.33
583.83
583.97
583.86
583.80
583.37
584.01
584.80
584.30
584.78
584.27
584.35
584.31
584.79
584.99
584.29
584.05
584.28
584.34
584.86
584.77
584.69
584.37
584.63
584.36
584.85
584.81
584.12
585.96
585.30
585.97
585.32
585.78
585.98
585.52
585.29
585.33
585.79
585.00
585.02
585.03
585.36
585.34
585.35
586.29
586.60
586.04
586.28
586.53
586.32
586.26
586.79
586.80
586.84
586.25
586.81
586.31
586.98
586.30
586.82
586.85
587.00
586.57
586.99
586.96
586.34
586.37
586.03
586.36
586.83
586.62
586.38
587.25
587.78
587.30
587.28
587.04
587.76
587.73
587.33
587.96
587.83
587.34
587.32
587.27
587.29
587.82
587.80
587.31
587.62
587.61
587.84
587.81
587.37
587.86
588.32
588.28
588.96
588.31
588.29
588.30
588.98
588.34
588.82
588.58
588.81
588.80
588.36
588.85
589.75
589.94
589.82
589.79
589.98
589.29
589.30
589.26
589.32
589.62
589.99
589.31
589.34
589.80
589.33
589.36
589.86
589.11
589.37
590.78
590.57
590.62
590.27
590.28
590.64
590.30
590.79
590.81
590.33
590.80
590.29
590.04
590.69
590.35
590.87
590.82
590.70
590.20
590.06
591.60
591.28
591.30
591.76
591.27
591.75
591.85
591.31
591.93
591.83
591.35
591.29
591.33
591.64
591.32
591.95
591.82
591.36
591.96
591.66
591.79
591.71
591.04
592.31
592.96
592.95
592.32
592.27
592.62
592.29
592.94
592.55
592.30
592.33
592.35
592.65
592.37
592.83
592.82
593.54
593.29
593.71
593.75
593.67
593.79
593.28
593.30
593.33
593.80
593.32
593.99
593.82
593.31
593.83
593.84
593.16
593.86
593.37
594.77
594.97
594.32
594.61
594.62
594.96
594.28
594.85
594.30
594.82
594.31
594.35
595.00
594.84
594.81
594.34
594.36
594.33
594.29
594.65
594.03
594.12
595.16
595.95
595.81
595.32
595.79
595.29
595.31
595.96
595.04
595.55
595.30
595.77
595.05
595.33
595.67
595.97
595.82
595.36
595.34
595.28
595.99
595.80
595.35
595.03
595.13
596.94
596.60
596.78
596.27
596.30
596.63
596.29
596.64
596.96
596.98
596.55
596.33
596.65
596.67
596.28
596.07
596.80
596.31
596.34
596.99
596.83
596.71
596.61
596.36
596.69
596.37
596.41
597.64
597.78
597.70
597.26
597.54
597.61
597.63
597.30
597.27
597.32
597.31
597.28
597.84
597.81
597.79
597.85
597.86
597.67
597.36
597.34
597.37
597.62
598.27
598.32
598.59
598.83
598.80
598.29
598.81
598.84
598.28
598.76
598.95
598.30
598.37
598.67
598.36
598.87
598.38
598.35
598.34
598.12
599.76
599.77
599.26
599.81
599.62
599.63
599.27
599.31
599.30
599.29
599.86
599.97
599.32
599.96
599.66
599.28
599.38
599.33
599.35
599.70
599.34
599.36
600.30
600.32
600.62
600.28
600.94
600.82
600.04
600.80
600.34
600.26
600.33
600.92
600.56
600.35
600.77
600.27
600.12
600.36
601.05
601.81
601.65
601.76
601.32
601.82
601.30
601.36
601.64
601.83
601.31
601.33
601.77
601.37
601.34
601.85
601.80
601.04
601.88
602.27
602.30
602.28
602.32
602.83
602.79
602.33
602.84
602.80
602.34
602.26
602.31
602.38
602.37
602.03
602.87
603.94
603.74
603.32
603.95
603.34
603.30
603.29
603.28
603.63
603.33
603.31
603.96
603.84
603.00
603.82
603.80
603.64
603.69
603.35
603.86
603.36
603.38
604.79
604.77
604.60
604.80
604.31
604.29
604.65
604.27
604.30
604.32
604.66
604.73
604.35
604.98
604.82
604.89
604.34
604.33
604.99
604.37
604.86
604.03
604.87
604.38
604.12
605.77
605.02
605.28
605.62
605.95
605.61
605.91
605.32
605.94
605.63
605.29
605.65
605.54
605.31
605.80
605.33
605.27
605.34
605.81
605.37
605.83
605.87
605.38
605.03
605.71
605.12
606.94
606.26
606.76
606.30
606.99
606.97
606.84
606.22
606.80
606.28
606.35
606.34
606.36
606.64
606.65
606.32
606.62
606.33
606.78
606.82
606.85
606.37
606.81
606.39
606.38
606.13
607.81
607.33
607.29
607.32
607.82
607.63
607.28
607.38
607.84
607.34
607.31
607.27
607.35
607.56
607.36
607.65
607.85
607.86
607.62
608.83
608.97
608.32
608.33
608.00
608.65
608.37
608.35
608.85
609.32
609.29
609.30
609.80
609.33
609.31
609.64
609.97
609.84
609.65
609.77
610.30
610.77
610.18
610.84
610.85
610.27
610.32
610.99
610.34
610.08
610.80
610.94
611.95
611.32
611.64
611.82
611.83
611.31
611.80
611.96
611.29
611.68
611.99
611.81
611.66
611.30
611.33
612.29
612.79
612.77
612.30
612.05
612.76
612.28
612.63
612.96
612.34
612.83
612.59
613.00
612.87
612.68
612.00
612.33
612.86
612.32
612.85
612.78
612.88
612.18
613.28
613.64
613.62
613.99
613.29
613.04
613.57
613.30
613.34
613.83
613.82
613.32
613.97
613.38
613.81
613.36
613.35
613.26
614.96
614.30
614.32
614.31
614.95
614.28
614.34
614.37
614.81
614.84
614.07
614.85
614.83
614.65
614.35
614.66
614.76
614.87
614.39
614.38
615.31
615.35
615.81
615.32
615.04
615.29
615.84
615.64
615.80
615.28
615.82
615.98
615.30
615.63
615.85
615.34
615.99
615.77
615.86
615.36
615.72
615.38
616.79
616.59
616.95
616.30
616.37
616.78
616.33
616.62
616.29
616.64
616.32
616.36
616.84
616.31
616.34
616.87
616.85
616.35
616.82
616.97
616.68
616.81
616.13
616.86
616.80
616.39
617.73
617.95
617.30
617.31
617.81
617.33
617.32
617.98
617.86
617.35
617.01
617.37
617.14
618.74
618.59
618.81
618.34
618.61
618.27
618.84
618.31
618.33
618.83
618.32
618.96
618.29
618.35
618.86
618.78
618.01
618.85
618.38
618.39
618.62
618.42
619.91
619.82
619.63
619.80
619.99
619.31
619.27
619.33
619.84
619.30
619.83
619.68
619.36
619.65
619.26
619.87
619.35
619.37
619.67
619.29
619.38
619.89
619.64
619.69
619.05
620.30
620.26
620.66
620.79
620.99
620.84
620.85
620.93
620.31
620.80
620.83
620.34
620.65
620.35
620.37
620.01
620.36
620.88
620.67
620.04
620.86
620.39
620.33
621.65
621.29
621.31
621.63
621.66
621.96
621.77
621.81
621.79
621.34
621.80
621.27
621.33
621.84
621.82
621.32
621.36
621.85
621.35
621.86
621.38
621.39
621.06
621.88
622.80
622.86
622.28
622.81
622.32
622.65
622.83
622.34
622.82
622.36
622.31
622.84
622.29
622.33
622.69
622.63
622.13
622.38
622.90
622.37
623.30
623.82
623.06
623.81
623.28
623.35
623.77
623.80
623.60
623.24
623.63
623.97
623.32
623.34
623.31
623.64
623.84
623.99
623.79
623.85
623.62
623.86
623.88
623.71
623.89
623.38
624.30
624.64
624.82
624.95
624.32
624.77
624.98
624.79
624.96
624.34
624.29
624.99
624.85
624.83
624.57
624.33
624.87
624.31
624.35
624.91
624.81
624.72
624.88
625.58
625.28
625.78
625.29
625.31
625.32
625.65
625.30
625.33
625.97
625.67
625.82
625.64
625.34
625.80
625.81
625.84
625.66
625.86
625.69
625.72
625.38
626.29
626.31
626.99
626.32
626.35
626.85
626.83
626.28
626.81
626.79
626.38
626.33
626.37
626.03
626.06
627.28
627.32
627.67
627.31
627.80
627.29
627.81
627.36
627.35
627.37
627.38
627.04
627.02
627.89
627.86
627.26
627.33
627.64
627.14
628.61
628.82
628.78
628.36
628.05
628.33
628.96
628.29
628.68
628.86
628.34
628.30
628.03
628.84
628.35
628.38
628.75
628.85
628.40
628.89
628.31
628.15
629.77
629.62
629.96
629.76
629.52
629.31
629.82
629.85
629.84
629.67
629.36
629.65
629.34
629.33
629.29
629.83
629.35
629.32
629.86
629.39
629.02
629.05
629.37
629.87
629.88
630.33
630.86
630.83
630.81
630.85
630.42
630.82
630.29
630.84
630.28
630.36
630.32
630.01
630.61
630.04
630.30
630.37
630.06
630.89
630.64
630.41
631.28
631.80
631.29
631.79
631.08
631.33
631.34
631.62
631.97
631.82
631.35
631.37
631.81
631.01
631.52
632.80
632.99
632.33
632.30
632.81
632.27
632.31
632.29
632.82
632.36
632.32
632.34
632.79
632.68
632.03
632.37
632.41
632.83
633.25
633.28
633.80
633.27
633.83
633.31
633.33
633.30
633.67
633.00
633.64
633.36
633.85
633.69
633.13
633.39
634.78
634.85
634.31
634.54
634.61
634.32
634.63
634.36
634.89
634.33
634.02
634.60
634.29
634.69
635.00
634.30
634.87
634.83
634.68
634.73
634.65
634.90
635.99
635.98
635.30
635.83
635.32
635.33
635.36
635.79
635.31
635.34
635.87
635.35
635.02
635.84
635.81
635.38
635.37
635.03
635.39
635.77
635.86
635.89
635.82
636.81
636.34
636.31
636.55
636.80
636.87
636.83
636.28
636.82
636.79
636.29
636.86
636.33
636.84
636.36
636.32
636.02
636.88
636.40
636.38
636.07
637.78
637.34
637.01
637.32
637.83
637.36
637.64
637.81
637.85
637.67
637.99
637.31
637.30
637.35
637.33
637.68
637.82
637.39
638.30
638.33
638.82
638.83
638.87
638.31
638.35
638.36
638.29
638.32
638.03
638.34
638.67
638.37
638.59
638.85
638.86
638.39
638.88
638.38
639.95
639.38
639.33
639.81
639.84
639.32
639.82
639.35
639.07
639.31
639.36
639.64
639.79
639.83
639.88
639.06
639.39
639.15
640.76
640.62
640.33
640.30
640.79
640.31
640.32
640.81
640.80
640.83
640.34
640.82
640.09
640.37
640.00
640.84
640.03
640.06
640.39
641.80
641.81
641.30
641.66
641.27
641.82
641.28
641.32
641.33
641.57
641.36
641.39
642.00
641.84
641.12
641.99
641.37
641.88
641.90
641.35
641.65
641.40
642.28
642.54
642.35
642.68
642.81
642.83
642.31
642.80
642.34
642.29
642.33
642.77
642.37
642.85
642.82
642.36
642.79
642.30
642.40
643.34
643.24
643.29
643.97
643.64
643.06
643.07
643.30
643.35
643.03
643.81
643.82
643.31
643.27
643.32
643.99
643.86
643.38
643.41
643.78
643.73
643.40
644.30
644.67
644.68
644.96
644.32
644.81
644.29
644.33
644.36
644.98
644.01
644.31
644.37
645.00
644.39
644.85
644.38
644.83
644.84
644.06
644.87
645.77
645.64
645.06
645.83
645.80
645.81
645.79
645.34
645.35
645.58
645.33
645.38
645.85
645.84
645.36
645.89
645.07
645.90
645.65
646.94
646.51
646.29
646.33
646.30
646.85
646.34
646.77
646.79
646.32
646.31
646.64
646.39
646.36
646.37
646.40
646.83
646.89
646.47
647.31
647.30
647.83
647.33
647.00
647.82
647.98
647.64
647.68
647.08
647.34
647.80
647.66
647.36
647.02
647.87
647.39
647.41
648.31
648.32
648.81
648.33
648.66
648.68
648.64
648.30
648.87
648.80
648.34
648.35
648.82
648.90
648.38
648.39
648.79
648.06
648.40
648.41
648.89
649.63
649.27
649.25
649.83
649.85
649.65
649.35
649.33
649.32
649.97
649.87
649.36
649.34
649.86
649.29
649.82
649.40
649.39
649.84
649.90
649.64
649.74
649.91
650.65
650.32
650.27
650.07
650.57
650.79
650.31
650.35
650.36
650.39
650.84
650.87
650.34
650.40
650.01
650.80
650.92
650.74
650.37
651.33
651.81
651.28
651.84
651.31
651.30
651.29
651.36
651.96
651.01
651.70
651.35
651.34
651.59
651.82
651.58
651.86
651.00
651.02
651.38
652.84
652.31
652.28
652.32
652.34
652.65
652.81
653.00
652.79
652.86
652.05
652.33
652.38
652.36
652.03
652.82
652.88
652.41
653.30
653.22
653.84
653.65
653.55
653.86
653.82
653.34
653.80
653.67
653.32
653.36
653.35
653.31
653.85
653.68
653.29
653.66
653.33
653.88
653.37
653.73
653.06
654.82
654.80
654.29
654.36
654.62
654.77
654.86
654.34
654.85
654.37
654.83
654.81
654.30
654.84
654.31
654.32
654.33
654.89
654.90
654.67
654.92
654.39
654.35
654.41
655.98
655.34
655.78
655.32
655.99
655.96
655.80
655.26
655.30
655.38
655.31
655.82
655.29
655.35
655.37
655.86
655.85
655.01
655.81
655.89
655.41
655.88
655.39
655.15
656.31
656.77
656.98
656.82
656.37
656.32
656.33
656.27
656.86
656.84
656.34
656.65
656.89
656.91
656.90
656.38
656.30
656.15
656.66
656.42
657.30
657.98
657.97
657.85
657.82
657.27
657.31
657.84
657.81
657.32
657.37
657.33
657.03
657.67
657.34
657.38
657.88
657.90
657.41
657.66
658.30
658.35
658.83
658.05
658.34
658.64
658.84
658.87
658.01
658.08
658.81
658.32
658.38
659.00
658.33
658.41
658.00
658.10
658.88
658.37
658.85
658.04
658.74
658.40
659.31
659.33
659.80
659.32
659.95
659.36
659.85
659.97
659.37
659.34
659.35
659.38
659.74
659.41
659.65
659.39
660.97
660.80
660.23
660.99
660.32
660.98
660.29
660.79
660.36
660.81
660.33
660.84
660.39
660.83
660.34
660.35
660.87
660.37
660.02
660.86
660.85
660.38
660.16
660.89
660.46
660.42
661.29
661.73
661.54
661.82
661.65
661.37
661.36
661.33
661.77
661.34
661.32
661.83
661.80
661.72
661.84
661.68
661.31
661.35
661.38
661.39
661.42
661.17
662.82
662.65
662.33
662.31
662.59
662.86
662.36
662.35
662.84
662.80
662.83
662.32
662.39
662.30
662.91
662.81
662.38
663.81
663.30
663.99
663.32
663.28
663.98
663.36
663.38
663.31
663.80
663.85
663.34
663.37
663.39
663.84
663.90
663.40
663.82
663.35
663.91
663.33
663.83
663.41
663.66
664.79
664.78
664.33
664.85
664.82
664.00
664.87
664.86
664.23
664.36
665.00
664.97
664.68
664.67
664.88
664.37
664.41
664.07
664.29
664.42
664.08
665.81
665.80
665.85
665.35
665.30
665.84
665.98
665.88
665.32
665.38
665.82
665.36
665.39
665.07
665.29
665.42
665.37
665.43
666.82
666.57
666.34
666.28
666.33
666.85
666.99
666.56
666.35
666.80
666.67
666.31
666.78
666.84
666.88
666.01
666.91
666.39
666.36
666.38
666.42
666.66
666.15
666.40
667.18
667.95
667.96
667.66
667.36
667.89
667.31
667.03
667.33
667.83
667.32
667.35
667.68
667.87
667.34
667.37
667.38
667.74
667.82
667.92
668.31
668.65
668.79
668.83
668.57
668.35
668.32
668.85
668.84
668.80
668.37
668.33
668.86
668.77
668.36
668.38
668.34
668.87
668.41
668.30
668.68
668.64
668.92
668.40
668.88
668.17
668.91
668.66
669.65
669.31
669.97
669.01
669.28
669.80
669.68
669.30
669.32
669.66
669.88
669.84
669.33
669.89
669.04
669.38
669.36
669.37
669.35
669.76
669.17
669.18
670.82
670.84
670.81
670.85
670.78
670.38
670.34
670.32
670.86
670.09
670.83
670.31
670.41
670.87
670.40
670.88
670.36
670.16
671.29
671.34
671.31
671.85
671.37
671.84
671.83
671.88
671.40
671.36
671.91
671.35
671.87
671.39
672.33
672.03
672.98
672.35
672.32
672.36
672.37
672.80
672.02
672.84
672.04
672.83
672.39
672.69
672.41
672.86
672.38
672.17
672.42
673.66
673.81
673.83
673.98
673.80
673.35
673.86
673.34
673.09
673.32
673.39
673.41
673.37
673.05
673.68
673.85
673.87
673.89
673.08
673.40
673.90
674.36
674.34
674.83
674.32
674.35
674.79
674.85
674.33
674.37
674.04
674.81
674.41
674.08
674.40
674.86
674.39
674.67
675.78
676.00
675.63
675.32
675.77
675.84
675.35
675.29
675.36
675.85
675.34
675.98
675.33
675.41
675.86
675.89
675.88
675.42
676.80
676.29
676.79
676.84
676.87
676.33
676.03
676.37
676.40
676.39
676.83
676.36
676.30
676.69
676.04
676.89
676.34
676.65
676.81
676.31
677.81
677.30
677.32
677.82
677.36
677.31
677.34
677.97
677.35
677.37
677.91
677.84
677.89
677.70
677.29
677.41
677.04
677.85
677.86
677.33
677.01
677.90
677.39
677.42
678.37
678.65
678.33
678.32
678.86
678.66
678.85
678.00
678.09
678.87
678.90
678.35
678.38
678.36
678.02
678.04
678.92
678.88
678.76
678.67
678.31
679.33
679.35
679.81
679.79
679.82
679.80
679.34
679.11
679.87
679.86
679.31
679.37
679.68
679.89
679.41
679.85
679.38
680.27
680.64
680.34
680.86
680.36
680.87
680.82
680.33
680.39
680.35
680.83
680.88
680.69
680.84
680.42
680.38
680.01
680.41
680.89
680.09
680.43
681.76
681.83
681.79
681.84
681.32
681.34
681.81
681.02
681.87
681.33
681.36
681.39
681.67
681.38
681.35
681.41
681.42
681.40
682.64
682.66
682.00
682.34
682.88
682.58
682.30
682.35
682.38
682.87
682.39
682.90
682.83
682.40
683.33
683.85
683.65
683.89
683.83
683.88
683.84
683.34
683.82
683.41
683.39
683.35
683.37
683.40
683.86
683.01
683.18
683.21
684.34
684.68
684.84
684.35
684.83
684.03
684.38
684.72
684.36
684.91
684.89
684.65
684.00
684.04
684.39
684.90
685.30
685.32
685.38
685.84
685.86
685.35
685.82
685.01
685.33
685.89
685.39
685.05
685.85
685.03
685.36
685.91
685.43
685.81
685.67
686.80
686.84
686.83
686.33
686.81
686.36
686.85
686.38
686.69
686.86
686.41
686.40
686.39
687.86
688.00
687.35
687.85
687.83
687.34
687.32
687.67
687.02
687.99
687.36
687.38
687.68
687.41
687.84
687.71
687.39
687.33
687.43
687.45
687.89
687.76
688.35
688.32
688.82
688.38
688.36
688.87
688.39
688.68
688.84
688.88
688.85
688.31
688.81
688.41
688.42
688.09
688.90
688.52
689.83
689.34
689.02
689.88
689.33
689.39
689.35
689.60
689.37
689.38
689.81
689.84
689.40
689.86
689.32
689.09
689.68
689.52
690.86
690.33
690.34
690.66
690.83
690.81
690.35
690.32
690.02
690.37
690.38
690.10
690.91
690.93
690.36
690.88
690.29
690.43
690.40
690.50
691.37
691.33
691.85
691.30
691.82
691.31
691.41
691.35
691.34
691.32
691.40
691.42
692.34
692.31
692.69
692.98
692.80
692.01
692.33
692.36
692.81
692.82
692.32
692.87
692.84
692.37
692.35
692.89
692.40
692.68
692.66
692.42
692.88
692.92
692.02
692.52
693.80
693.01
693.30
693.85
693.36
693.84
693.35
693.87
693.33
693.69
693.66
693.86
693.39
693.88
693.38
693.93
693.40
693.94
694.82
694.84
694.30
694.83
694.80
694.87
694.39
694.64
694.36
694.33
694.88
694.89
694.38
694.35
694.34
694.37
694.05
694.40
695.31
695.33
695.83
695.35
695.75
695.34
695.36
695.73
695.04
695.88
695.32
695.86
695.99
695.39
695.90
695.41
696.31
696.32
696.37
696.85
696.29
696.35
696.33
696.86
696.38
696.36
696.84
696.34
696.82
696.87
696.44
696.02
696.40
696.43
696.75
696.68
696.41
697.35
697.99
697.85
697.98
697.88
697.30
697.86
697.31
697.80
697.33
697.38
697.37
697.34
697.82
697.71
697.36
697.39
697.09
698.84
698.38
698.32
698.86
698.81
698.37
698.41
698.05
698.35
698.68
698.83
698.87
698.89
698.36
698.34
698.88
699.30
699.05
699.37
699.84
699.34
699.40
699.39
699.03
699.81
699.35
699.33
699.82
699.44
699.43
699.20
699.54
700.32
700.99
700.85
700.34
700.66
700.04
700.79
700.83
700.36
700.40
700.01
700.87
700.39
700.05
700.29
700.30
700.03
700.38
700.93
700.41
700.88
700.08
700.86
702.00
701.33
701.66
701.38
701.36
701.81
701.89
701.37
701.32
701.88
701.34
701.39
701.82
701.86
701.35
701.44
702.85
702.33
702.37
702.86
702.38
702.35
702.84
702.41
702.06
702.96
702.88
702.40
702.31
702.87
702.82
702.43
702.76
703.38
703.97
703.67
703.68
703.37
703.02
703.83
703.81
703.36
703.33
703.88
703.86
703.39
703.82
703.44
703.42
703.43
703.18
703.41
704.57
704.00
704.35
704.34
704.80
704.38
704.84
704.82
704.36
704.87
704.89
704.41
704.85
704.40
704.91
704.03
704.42
704.44
705.99
705.35
705.82
705.33
705.86
705.36
705.69
705.38
705.85
705.67
705.83
705.40
705.84
705.90
705.39
705.41
705.34
705.87
705.89
705.19
705.55
705.21
706.28
706.29
706.66
706.84
706.89
706.38
706.30
706.32
706.36
706.34
706.40
706.90
706.70
706.91
706.41
706.33
706.73
706.86
706.88
706.42
706.37
706.44
706.39
707.35
707.67
707.34
707.83
707.30
707.88
707.69
707.39
707.33
707.86
707.89
707.85
707.91
707.37
707.92
707.42
707.71
707.36
707.44
708.84
708.87
708.34
708.35
708.86
708.59
708.37
708.36
708.73
708.00
708.40
708.90
708.83
708.38
708.43
708.11
708.91
708.44
709.33
709.38
709.86
709.83
709.35
709.03
709.37
709.34
709.85
709.11
709.36
709.89
709.04
709.43
709.84
709.40
709.45
709.39
709.88
709.44
710.76
710.33
710.85
710.37
710.34
710.83
710.89
710.86
710.62
710.30
710.82
710.38
710.41
710.36
710.35
710.39
710.18
710.43
711.85
711.83
711.32
711.02
711.33
711.31
711.30
711.38
711.36
711.40
711.98
711.35
711.69
711.67
711.88
711.87
711.86
711.42
711.84
711.39
711.41
711.05
711.34
711.94
711.77
711.76
711.43
711.04
712.32
712.67
712.84
712.31
712.35
712.34
712.90
712.85
712.36
712.86
712.11
712.33
712.87
712.37
712.39
712.75
712.88
712.89
712.19
712.93
713.81
713.33
713.32
713.35
713.41
713.84
713.88
713.27
713.86
713.90
713.68
713.37
713.89
713.39
713.87
714.34
714.31
714.07
714.36
714.82
714.11
714.86
714.37
714.35
714.88
714.38
714.89
714.79
714.32
714.84
714.80
714.85
714.70
714.05
714.42
714.45
714.39
714.43
715.36
715.86
715.82
715.33
715.89
715.40
715.88
715.78
715.42
715.41
715.38
715.94
715.34
716.85
716.86
716.38
716.37
716.88
716.39
716.32
716.33
716.30
716.36
716.63
716.34
716.84
716.89
716.41
716.44
716.92
716.72
716.42
716.40
716.20
717.88
717.65
717.35
717.38
717.87
717.86
717.30
717.05
717.69
717.36
717.39
717.89
717.42
717.11
717.43
717.44
717.45
718.84
718.97
718.81
718.38
718.80
718.86
718.39
718.36
718.37
718.40
718.34
718.42
718.35
718.33
718.87
718.78
718.11
718.95
718.69
718.92
719.25
719.68
719.31
719.34
719.38
719.36
719.44
719.37
719.87
719.33
719.91
719.42
719.39
719.03
720.71
720.83
720.31
720.36
720.34
720.82
720.90
720.85
720.86
720.00
720.37
720.39
720.43
720.84
720.75
720.38
720.40
720.05
720.35
721.36
721.68
721.81
721.82
721.32
721.35
721.86
721.39
721.33
721.69
721.38
721.19
721.44
722.86
722.32
722.28
722.36
722.37
722.85
722.87
722.40
722.90
722.84
722.09
722.89
722.88
722.39
722.00
722.91
722.34
722.95
722.70
723.35
723.36
723.87
723.04
723.81
723.34
723.40
723.33
723.37
723.69
723.68
723.38
723.44
723.12
723.89
724.31
724.58
724.66
724.36
724.88
724.85
724.84
724.35
724.61
724.39
724.40
724.37
724.33
724.70
724.87
724.65
724.89
724.43
724.45
724.91
725.76
725.86
725.83
725.68
725.60
725.42
725.35
725.38
725.84
725.34
725.71
725.90
725.39
725.33
725.46
725.44
725.69
725.85
726.87
726.38
726.35
726.88
726.37
726.83
726.84
726.33
726.68
726.41
726.36
726.04
726.86
726.89
726.44
726.11
726.43
727.32
727.98
727.31
727.63
727.37
727.40
727.83
727.85
727.74
727.87
727.47
727.93
727.88
727.03
727.71
727.08
727.11
727.21
727.46
728.35
728.40
728.85
728.36
728.37
728.83
728.06
728.05
728.39
728.89
728.93
728.68
728.03
728.34
728.32
728.38
728.10
728.41
729.32
729.81
729.33
729.84
729.34
729.35
729.89
729.92
729.91
729.88
729.72
729.39
729.40
729.41
729.85
729.42
729.37
729.44
729.90
729.70
730.36
730.33
730.32
730.02
730.10
730.42
730.88
730.87
730.85
730.40
730.89
730.92
730.37
730.43
730.86
730.38
731.81
731.83
731.33
731.36
731.35
731.06
731.37
731.39
731.38
731.87
731.30
731.90
731.93
731.40
731.82
731.42
731.46
731.29
731.89
731.78
732.27
732.33
732.88
732.40
732.81
732.85
732.38
732.04
732.39
732.06
732.37
732.43
732.91
732.35
732.44
732.19
732.11
733.03
733.38
733.36
733.35
733.84
733.32
733.39
733.85
733.91
733.33
733.34
733.42
733.65
733.43
733.89
733.44
733.92
733.96
734.67
734.03
734.37
734.33
734.89
734.39
734.36
734.34
734.41
734.38
734.87
734.35
734.42
734.95
734.53
734.52
735.84
735.88
735.89
735.86
735.37
735.40
735.01
735.36
735.35
735.85
735.44
735.81
735.87
735.38
735.34
735.94
735.93
735.91
735.46
736.32
736.38
736.33
736.87
736.34
736.85
736.39
736.83
736.35
736.36
736.82
736.75
736.42
736.08
736.40
736.95
736.90
736.45
736.44
737.34
737.36
737.90
737.35
737.41
737.83
737.31
737.86
737.37
737.98
737.38
737.85
737.08
737.87
737.33
737.39
737.95
737.89
737.99
737.79
737.46
738.33
738.84
738.85
738.37
738.36
738.69
738.35
738.38
738.39
738.87
738.89
738.40
738.88
738.42
738.34
738.07
738.90
738.93
738.80
738.21
739.33
739.38
739.34
739.85
739.87
739.90
739.86
739.31
739.40
739.36
739.37
739.04
739.72
739.39
739.41
739.43
740.35
740.80
740.61
740.83
740.85
740.87
740.38
740.33
740.12
740.93
740.42
740.04
740.37
740.47
740.46
740.40
740.96
741.86
741.35
741.31
741.84
741.37
741.02
741.03
741.38
741.40
741.90
741.39
741.85
741.88
741.43
741.32
741.36
741.69
741.41
742.30
742.87
742.37
742.02
742.38
742.39
742.32
742.36
742.33
742.78
742.85
742.40
742.72
742.43
742.89
742.94
742.90
742.93
742.22
743.85
743.37
743.73
743.32
743.43
743.40
743.31
743.88
743.35
743.36
743.03
743.90
743.39
743.05
743.47
743.46
744.35
744.88
744.85
744.89
744.86
744.39
744.38
744.44
744.37
744.72
744.41
744.07
744.40
744.87
744.96
744.47
744.36
745.35
745.34
745.85
745.36
745.38
745.39
745.41
745.88
745.93
745.87
745.04
745.91
745.31
745.42
745.92
745.44
745.73
745.21
745.46
746.28
746.33
746.37
746.27
746.39
746.36
746.94
746.41
746.86
746.44
746.29
746.47
746.93
746.79
746.46
746.53
747.66
747.84
747.39
747.37
747.88
747.40
747.36
747.41
747.94
747.43
747.87
747.38
747.44
747.46
748.35
748.36
748.03
748.02
748.37
748.31
748.39
748.90
748.38
748.69
748.74
748.41
748.40
748.98
748.46
748.43
748.28
748.47
749.67
749.35
749.89
749.38
749.68
749.86
749.31
749.90
749.88
749.13
749.37
749.95
749.06
749.36
749.22
750.85
750.37
750.33
750.83
750.87
750.86
750.42
750.26
750.40
750.39
750.90
750.91
750.41
750.93
750.43
751.37
751.86
751.38
751.04
751.69
751.39
751.30
751.89
751.41
751.36
751.92
751.35
751.40
751.46
752.32
752.01
752.36
752.35
752.37
752.38
752.88
752.13
752.40
752.41
752.39
752.91
752.86
752.90
752.44
752.21
753.69
753.91
753.33
753.38
753.87
753.37
753.94
753.39
753.29
753.47
753.92
753.93
754.33
754.71
754.37
754.36
754.86
754.87
754.35
754.34
754.38
754.85
754.40
754.44
754.21
755.34
755.32
755.87
755.37
755.02
755.33
755.36
755.89
755.43
755.91
755.06
755.93
755.42
755.88
755.47
755.97
755.79
755.40
756.98
756.85
756.33
756.83
756.39
756.42
756.35
756.36
756.91
756.40
756.88
756.06
756.90
756.47
756.19
757.83
757.40
757.86
757.98
757.85
757.42
757.04
757.36
757.89
757.38
757.41
757.39
757.90
757.93
757.94
757.35
757.84
757.88
758.37
758.68
758.87
758.69
758.35
758.92
758.03
758.33
758.36
758.89
758.41
758.85
758.83
758.76
758.43
758.38
758.70
758.88
758.86
758.46
759.34
759.01
759.85
759.72
759.39
759.38
759.42
759.90
759.88
759.94
759.35
760.35
760.88
760.06
760.38
760.86
760.87
760.39
760.41
760.45
760.32
760.94
760.90
760.91
760.43
760.23
761.38
761.87
761.35
761.37
761.89
761.34
761.02
761.85
761.70
761.41
761.42
761.93
761.98
761.44
761.47
762.81
762.70
762.84
762.85
762.38
762.41
762.00
762.37
762.39
762.93
762.94
762.61
762.03
762.72
762.92
762.44
762.42
762.40
762.76
762.43
762.91
762.35
762.97
762.47
763.38
763.41
763.39
763.40
763.36
763.93
763.83
763.88
763.72
763.92
763.08
763.35
763.37
763.86
763.04
763.89
763.78
764.40
764.88
764.85
764.38
764.36
764.86
764.90
764.32
764.44
764.42
764.08
764.43
764.89
764.41
765.71
765.87
765.40
765.89
765.88
765.38
765.74
765.85
765.97
765.36
765.42
765.95
765.39
765.35
765.41
765.91
765.43
766.36
766.85
766.37
766.89
766.87
766.40
766.86
766.82
766.03
766.39
766.92
766.31
766.38
766.94
767.01
767.88
767.03
767.41
767.36
767.35
767.85
767.43
767.44
767.70
767.45
767.37
767.40
767.04
767.08
767.94
767.46
767.91
767.47
768.99
768.35
768.38
768.88
768.06
768.87
768.32
768.37
768.86
768.48
768.43
768.85
768.39
769.34
769.85
769.38
769.39
769.37
769.32
769.74
769.71
769.04
769.87
769.91
769.90
769.43
769.08
769.48
769.93
769.94
769.89
769.72
770.10
770.32
770.35
770.36
770.42
770.38
770.78
770.41
770.92
770.93
770.40
770.06
770.94
770.47
770.05
770.44
771.38
771.35
771.42
771.86
771.84
771.43
771.46
771.88
771.94
771.93
771.90
771.41
771.49
772.67
772.36
772.37
772.93
772.33
772.91
772.39
772.38
772.86
772.85
772.88
772.89
772.83
772.42
772.90
772.92
772.46
773.90
773.38
773.40
773.39
773.15
773.43
773.36
773.44
773.91
773.42
773.93
773.97
773.41
773.92
773.73
774.88
774.40
774.84
774.39
774.86
774.91
774.89
774.95
774.38
774.35
774.41
774.44
775.29
775.34
775.00
775.38
775.36
775.33
775.35
775.40
775.96
775.10
775.70
776.71
776.41
776.39
776.35
776.37
776.92
776.65
776.43
776.82
776.88
776.42
776.22
776.24
777.37
777.36
777.88
777.44
777.34
777.38
777.35
777.11
777.83
777.42
777.40
777.41
777.92
777.85
777.45
777.39
777.98
778.83
778.34
778.68
778.79
778.41
778.12
778.93
778.36
778.35
778.33
778.40
778.86
778.90
778.39
778.38
778.43
778.44
778.75
778.95
778.48
779.81
779.02
779.38
779.36
779.86
779.41
779.91
779.39
779.28
779.83
779.40
779.90
779.43
779.88
779.79
779.44
779.46
779.89
779.71
779.23
780.32
780.86
780.38
780.72
780.89
780.40
780.35
780.93
780.42
780.87
780.88
780.34
780.44
780.39
780.41
780.43
780.91
780.05
780.47
781.90
781.38
781.36
781.87
781.85
781.89
781.37
781.42
781.39
781.91
781.06
781.40
781.44
781.35
781.43
781.48
782.40
782.69
782.86
782.39
782.33
782.36
782.37
782.42
782.83
782.72
782.09
782.06
782.41
782.88
782.94
782.44
782.45
782.49
782.89
782.55
783.83
783.37
783.36
783.39
783.91
783.33
783.41
783.96
783.95
783.90
783.43
783.88
783.94
783.87
783.75
783.23
784.87
784.03
784.42
784.86
784.70
784.04
784.73
784.40
784.89
784.38
784.91
784.11
784.90
784.96
784.46
784.39
784.94
784.98
785.89
785.38
785.39
785.36
785.40
785.88
785.12
785.93
785.90
785.97
786.40
786.86
786.33
786.34
786.37
786.42
786.39
786.46
786.43
786.84
786.93
786.38
786.91
786.92
787.32
787.37
787.39
787.85
787.87
787.42
787.90
787.89
787.43
787.41
787.22
787.49
788.89
788.82
788.38
788.39
788.83
788.41
788.88
788.40
788.44
788.92
788.43
788.42
788.46
788.99
788.98
789.79
789.37
789.10
789.89
789.85
789.40
789.73
789.39
789.43
789.90
789.05
789.41
789.08
789.45
789.42
789.95
789.49
790.71
790.04
790.37
790.87
790.38
790.92
790.41
790.39
790.88
790.42
790.70
790.95
790.49
790.83
791.05
791.11
791.39
791.40
791.41
791.66
791.06
791.38
791.88
791.95
791.72
791.89
791.94
791.48
792.82
792.36
792.91
792.35
792.85
792.15
792.89
792.43
792.37
792.39
792.41
792.42
792.44
792.45
792.38
793.35
793.05
793.94
793.87
793.41
793.90
793.89
793.45
793.71
793.42
793.39
793.86
793.92
793.50
794.84
794.39
794.36
794.07
794.38
794.87
794.37
794.40
794.92
794.15
794.76
794.14
794.41
794.43
794.95
794.44
794.45
795.89
795.84
795.37
795.86
795.07
795.91
795.40
795.38
795.05
795.39
795.44
795.30
795.08
795.90
795.92
795.94
796.30
796.35
796.86
796.88
796.37
796.39
796.92
796.36
796.40
796.43
796.46
796.42
796.45
797.07
797.38
797.41
797.91
797.83
797.65
797.42
797.20
797.40
797.69
797.50
798.88
798.33
798.41
798.87
798.35
798.40
798.39
798.44
798.92
798.07
798.43
798.89
799.86
799.37
799.72
799.41
799.96
799.44
799.39
799.40
799.56
799.99
799.28
800.83
800.33
800.71
800.91
800.05
800.88
800.84
800.36
800.41
800.76
800.38
800.93
800.92
800.42
800.15
800.79
800.43
800.94
800.86
800.40
801.00
801.42
801.41
801.40
801.84
801.43
801.44
801.77
801.89
802.14
802.39
802.30
802.34
802.40
802.43
802.45
802.90
802.46
802.10
802.44
802.48
803.84
803.79
803.39
803.41
803.40
803.86
803.76
803.38
803.43
803.99
804.35
804.87
804.38
804.41
804.39
804.72
804.40
804.45
804.90
804.69
804.36
804.89
804.43
804.91
804.42
804.93
804.26
805.38
805.87
805.08
805.41
805.39
805.95
805.42
805.37
805.45
805.36
806.41
806.92
806.72
806.38
806.88
806.40
806.30
806.43
806.94
806.44
806.98
806.39
806.91
806.95
807.35
807.88
807.37
807.87
807.81
807.93
807.41
807.90
807.05
807.42
807.43
807.39
807.89
807.46
807.76
807.40
807.94
807.44
808.89
808.33
808.38
808.41
808.40
808.92
808.42
808.93
808.94
808.43
808.10
808.88
808.39
808.44
808.99
809.90
809.85
809.83
809.05
809.41
809.38
809.40
809.42
809.37
809.44
809.46
809.75
809.86
809.71
809.45
809.07
810.31
810.39
810.35
810.36
810.18
810.40
810.42
810.38
810.91
810.43
810.02
810.92
810.84
810.99
810.41
810.93
810.44
811.34
811.33
811.43
811.90
811.40
811.39
811.87
811.42
811.89
811.12
811.41
811.88
811.45
811.84
811.49
812.37
812.39
812.70
812.92
812.08
812.91
812.90
812.88
812.38
812.87
813.33
813.34
813.93
813.43
813.41
813.38
813.73
813.40
813.42
813.88
813.94
813.87
813.96
813.50
814.85
814.40
814.92
814.38
814.43
814.94
814.41
814.90
814.91
814.88
814.42
814.95
814.36
814.56
815.44
815.92
815.41
815.42
815.37
815.06
815.45
815.83
815.40
815.91
816.84
816.89
816.41
816.40
816.42
816.92
816.43
816.39
816.96
816.15
817.75
817.92
817.40
817.39
817.45
817.03
817.89
817.42
817.43
817.44
817.11
817.01
817.90
817.41
817.47
817.94
818.39
818.43
818.05
818.42
818.89
818.41
818.40
818.92
818.83
818.09
818.37
818.50
818.47
818.44
818.91
818.64
819.89
819.39
819.42
819.43
819.41
819.38
819.37
819.36
819.40
819.91
819.46
819.95
819.96
819.86
819.93
819.90
819.51
820.37
820.38
820.73
820.91
820.42
820.39
820.36
820.07
820.41
820.98
820.46
820.89
820.45
820.68
820.52
820.49
821.87
821.90
821.39
821.37
821.41
821.42
821.44
821.40
821.08
821.38
821.75
821.35
821.89
821.05
822.80
822.83
822.89
822.91
822.85
822.39
822.42
822.94
822.43
822.41
822.93
822.37
822.44
822.38
823.40
823.42
823.38
823.35
823.92
823.87
823.34
823.05
823.44
823.89
823.98
824.12
824.42
824.39
824.40
824.91
824.37
824.44
824.93
824.47
824.86
824.95
824.45
824.48
824.50
824.83
825.86
825.90
825.37
825.87
825.89
825.95
825.88
825.39
825.41
825.91
825.47
825.38
825.43
825.45
825.44
825.85
825.00
826.89
826.79
826.87
826.39
826.38
826.41
826.17
826.40
826.45
826.74
826.37
826.43
826.51
826.94
826.52
827.37
827.41
827.86
827.91
827.42
827.39
827.30
827.18
827.08
827.94
827.95
827.45
828.89
828.37
828.71
828.42
828.41
828.76
828.40
828.92
828.44
828.91
828.94
828.48
828.43
828.46
828.93
828.75
828.95
828.45
829.35
829.39
829.42
829.41
829.37
829.43
829.77
829.04
829.47
829.86
829.89
829.95
829.46
829.44
830.93
830.39
830.89
830.90
830.40
830.92
830.43
830.41
830.48
831.37
831.39
831.42
831.41
831.96
831.45
831.92
831.95
831.46
831.90
831.44
832.36
832.44
832.90
832.94
832.42
832.91
832.87
832.95
832.39
832.45
832.80
832.43
832.41
833.38
833.41
833.84
833.43
833.83
833.44
833.09
833.45
833.90
833.85
833.95
833.51
834.88
834.76
834.09
834.39
834.95
834.07
834.38
834.52
834.46
834.42
834.90
834.41
834.43
834.58
835.63
835.82
835.92
835.39
835.89
835.38
835.41
835.43
835.42
835.46
835.95
835.96
836.85
836.73
836.42
836.41
836.37
836.07
836.40
836.91
836.95
836.38
836.44
836.47
836.45
836.94
836.99
836.09
836.10
837.88
837.07
837.39
837.41
837.44
837.40
837.57
837.52
838.85
838.37
838.94
838.98
838.40
838.39
838.42
838.89
838.38
838.41
838.43
838.93
839.31
839.94
839.35
839.74
839.91
839.89
839.92
839.43
839.40
839.44
839.39
839.50
839.45
840.89
840.40
840.85
840.88
840.42
840.75
840.92
840.39
840.41
840.14
840.45
840.97
840.96
840.43
840.35
840.54
841.36
841.88
841.46
841.94
841.91
841.43
841.92
841.40
841.41
841.99
841.45
841.32
842.40
842.89
842.92
842.46
842.91
842.42
842.85
842.43
842.96
843.42
843.39
843.45
843.90
843.77
843.95
843.97
843.96
843.43
843.44
843.76
844.33
844.90
844.04
844.41
844.91
844.40
844.92
844.44
844.43
844.38
844.39
844.96
844.95
844.14
844.98
844.45
844.88
845.84
845.41
845.79
845.95
845.39
845.44
845.43
845.42
845.46
845.97
845.90
846.41
846.42
846.46
846.90
846.87
846.92
846.89
846.39
846.49
846.95
846.99
846.43
846.44
846.45
846.94
846.47
846.51
847.85
847.88
847.41
847.44
847.93
847.43
847.46
847.86
847.42
847.96
847.39
847.98
847.38
848.92
848.95
848.38
848.39
848.42
848.94
848.41
848.49
848.97
848.43
848.90
848.13
848.78
848.27
849.43
849.37
849.14
849.44
849.41
849.93
849.74
849.50
849.47
849.12
849.46
850.39
850.41
850.44
850.64
850.91
850.97
850.47
850.40
850.85
850.45
850.93
850.12
850.38
850.89
850.02
850.46
850.96
850.25
850.58
851.42
851.89
851.95
851.43
851.45
851.46
851.98
851.12
851.64
851.86
851.40
851.97
851.31
851.59
851.25
851.58
851.26
852.89
852.42
852.87
852.41
852.47
852.40
852.72
852.96
852.44
852.37
852.93
852.94
852.08
852.43
852.25
853.82
853.92
853.14
853.87
853.41
853.42
853.38
853.40
853.74
853.44
854.42
854.96
854.37
854.45
854.38
854.39
854.46
854.90
854.88
854.95
854.94
854.66
855.40
855.42
855.43
855.81
855.15
855.97
855.88
855.91
855.44
855.52
855.66
856.83
856.15
856.94
856.41
856.42
856.95
856.46
856.38
856.92
856.43
856.89
856.90
856.45
856.93
857.90
857.09
857.69
857.44
857.92
857.97
857.40
857.70
857.45
857.39
857.48
857.95
857.88
857.47
857.94
857.98
858.87
858.36
858.39
858.41
858.92
858.08
858.45
858.40
858.83
858.93
858.47
858.16
859.42
859.89
859.40
859.41
859.72
859.44
859.86
859.87
859.43
859.92
859.91
859.46
859.00
859.16
860.33
860.37
860.95
860.78
860.38
860.90
860.44
860.45
860.41
860.46
860.47
860.49
861.33
861.40
861.77
861.90
861.43
861.45
861.44
861.47
861.91
862.42
862.14
862.39
862.44
862.35
862.41
862.89
862.48
862.43
862.50
863.34
863.89
863.93
863.91
863.39
863.04
863.42
863.97
863.43
863.44
863.41
863.45
863.46
863.95
863.47
864.43
864.93
864.33
864.88
864.78
864.90
864.45
864.98
865.93
865.44
865.43
865.85
865.47
865.94
865.45
865.48
865.33
866.43
866.42
866.39
866.46
866.44
866.48
866.41
866.98
866.96
866.80
866.95
867.38
867.93
867.09
867.07
867.92
867.90
867.86
867.98
867.37
867.46
867.42
867.99
867.02
867.43
868.33
868.37
868.42
868.45
868.41
868.96
868.39
868.47
868.43
868.50
868.46
868.44
869.32
869.40
869.91
869.41
869.44
869.94
869.46
869.07
869.45
869.49
869.99
869.95
869.39
869.51
870.45
870.05
870.39
870.44
870.94
870.43
870.49
870.46
870.42
870.97
871.43
871.36
871.90
871.49
871.93
871.47
872.00
871.44
871.46
872.45
872.43
872.95
872.46
872.91
872.93
872.96
872.97
873.32
873.41
873.43
873.91
873.47
873.48
873.49
873.42
873.50
873.44
873.20
874.83
874.89
874.92
874.47
874.40
874.73
874.44
874.45
874.46
874.50
874.97
875.90
875.43
875.44
875.77
875.45
875.95
875.47
875.89
875.88
875.94
875.40
875.55
875.41
875.00
876.43
876.45
877.00
876.42
876.49
876.97
876.03
876.50
876.02
876.47
876.05
876.04
877.91
877.43
877.45
877.97
877.44
877.39
877.99
878.73
878.94
878.44
878.47
878.12
878.43
878.42
878.97
878.46
878.38
878.98
878.45
879.40
879.45
879.86
879.97
879.43
879.41
879.44
879.94
879.47
879.93
879.48
879.92
879.46
880.42
880.93
880.16
880.92
880.97
880.46
880.41
881.43
881.92
881.46
881.08
881.45
881.44
881.95
881.41
881.40
881.49
881.48
881.37
881.05
882.46
882.51
882.42
882.97
882.91
882.38
882.96
882.45
882.44
882.47
882.43
883.42
883.38
883.88
883.12
883.93
883.97
883.41
883.43
883.52
884.40
884.36
884.97
884.42
884.45
884.44
884.49
884.99
884.38
885.39
885.46
885.95
885.86
885.42
885.33
885.45
885.41
885.97
885.49
885.71
885.98
885.36
885.99
885.43
885.50
885.02
886.45
886.92
886.48
886.94
886.41
886.96
887.44
887.45
887.98
887.48
888.40
888.92
888.91
888.90
888.47
888.46
888.78
888.49
889.94
889.47
889.45
889.93
889.90
889.95
889.44
889.54
890.15
890.92
890.04
890.96
890.45
890.48
890.40
890.93
890.50
891.03
891.09
891.46
891.39
891.11
891.98
891.04
891.40
891.47
891.45
891.41
891.96
892.44
892.46
892.45
892.48
892.94
892.42
892.80
893.92
893.86
893.45
893.94
893.48
893.43
893.98
893.02
893.08
894.40
894.43
894.47
894.46
894.44
894.37
894.45
894.95
894.48
895.42
895.95
895.45
895.43
895.44
895.76
895.98
895.99
895.93
895.38
896.42
896.41
896.09
896.93
896.96
896.44
896.79
896.90
896.92
896.43
896.49
896.48
896.97
897.32
897.87
897.88
897.92
897.41
897.12
897.45
897.90
897.50
897.42
898.95
898.93
898.87
898.20
898.43
898.42
898.97
898.61
899.92
899.45
899.44
899.43
899.93
899.94
899.96
899.89
899.54
899.55
900.42
900.72
900.47
900.43
900.95
900.78
900.13
900.45
900.93
900.49
900.94
900.51
901.40
901.96
901.45
901.43
901.46
901.92
901.39
902.00
901.50
902.82
902.47
902.71
902.95
902.45
902.91
902.99
902.42
902.78
902.84
902.50
903.92
903.48
903.46
903.45
903.43
903.47
903.74
904.43
904.98
904.09
904.46
904.96
904.45
904.99
904.44
904.42
905.43
905.14
905.46
905.47
905.44
905.51
905.00
906.47
906.09
906.91
906.96
906.46
906.92
906.49
906.94
906.48
906.15
906.95
907.42
907.43
907.46
907.44
907.48
907.06
907.74
908.62
908.73
908.98
908.42
908.90
908.97
908.49
908.94
908.43
908.45
909.90
909.97
909.42
909.45
909.89
909.35
909.48
909.47
910.45
910.43
910.96
910.17
910.42
910.41
910.44
910.93
910.98
910.97
910.47
910.52
911.39
911.38
911.93
911.41
911.50
911.42
911.49
911.44
911.95
911.94
911.90
911.40
911.52
911.02
911.48
911.43
912.87
912.88
912.39
912.40
912.45
912.17
912.78
912.46
913.00
912.44
912.94
912.93
912.47
913.43
913.42
913.40
913.39
913.46
913.50
913.08
914.75
914.95
914.48
914.45
914.43
914.13
914.99
914.32
915.43
915.45
915.39
915.48
915.42
915.94
915.96
915.46
915.41
915.44
915.95
915.93
915.49
916.45
916.94
916.49
916.41
916.95
916.99
916.97
916.40
916.48
917.85
917.92
917.43
917.52
917.39
917.44
917.96
917.94
917.45
917.47
917.01
918.44
918.94
918.39
918.95
918.45
918.41
919.00
918.98
918.91
918.49
918.43
919.41
919.05
919.43
919.44
919.80
919.99
919.47
919.46
919.49
919.96
919.97
920.39
920.91
920.46
920.44
920.96
920.99
920.48
920.40
920.80
920.15
920.47
920.95
920.51
920.98
920.37
921.89
921.92
921.47
921.44
921.98
921.90
921.48
921.10
922.00
922.41
922.91
922.94
922.46
922.43
922.92
922.99
922.51
923.45
923.44
923.49
923.46
923.95
923.47
923.90
923.48
924.39
924.44
924.46
924.48
924.49
925.00
924.00
924.50
924.98
924.65
924.27
925.66
925.96
925.68
925.90
925.44
925.43
925.98
925.42
925.97
925.92
925.58
926.41
926.94
926.17
926.48
926.47
926.53
926.52
927.48
927.42
927.92
927.95
927.44
927.94
927.47
927.98
928.41
928.96
928.45
928.97
928.01
928.43
928.53
928.98
928.17
929.48
929.42
929.97
929.94
929.47
929.51
929.49
930.36
930.49
930.42
930.43
930.95
931.42
931.98
931.97
931.39
931.96
931.92
931.44
932.34
932.92
932.02
932.44
932.46
932.99
932.48
932.51
932.49
933.44
933.49
933.47
933.48
933.91
933.93
933.45
933.86
934.40
934.91
934.47
934.50
934.93
935.95
935.91
935.47
935.79
935.45
935.99
935.48
935.49
935.46
935.52
936.96
936.46
936.80
936.38
936.89
936.97
936.42
936.98
936.47
936.99
937.89
937.97
937.49
937.14
937.46
937.98
938.00
937.90
937.13
937.99
937.00
938.45
938.95
938.06
938.36
938.46
938.97
938.85
938.90
938.42
938.43
938.20
939.41
939.90
940.00
939.45
939.08
939.52
939.98
939.39
939.95
939.93
939.02
939.82
939.04
939.86
940.55
940.77
940.52
940.41
940.02
940.01
940.46
940.53
940.87
941.98
941.86
941.88
941.45
941.50
942.66
942.97
942.41
942.01
943.44
943.47
943.45
943.46
943.79
943.96
943.53
944.92
944.46
944.96
944.95
944.08
944.47
944.53
944.11
944.98
944.01
944.51
945.11
945.41
945.01
945.95
945.52
945.98
945.04
945.43
945.93
945.51
945.96
945.46
946.42
946.90
946.96
946.49
946.98
946.94
946.99
947.47
947.94
948.07
948.44
948.40
948.08
948.47
948.45
948.04
948.98
948.52
949.48
949.97
949.47
950.00
949.46
949.00
949.01
949.02
949.49
949.96
949.90
950.52
950.44
950.93
950.43
950.40
950.47
950.50
951.95
951.47
951.99
951.97
951.49
951.51
951.01
951.52
952.45
952.38
952.48
952.75
953.00
952.51
952.02
953.40
953.73
953.94
953.02
954.02
954.47
954.93
954.99
954.43
954.95
954.49
954.98
954.96
955.99
955.44
955.98
955.02
955.93
955.48
955.45
956.49
956.53
956.55
957.00
957.53
957.96
957.46
957.94
957.54
958.73
958.44
958.94
958.47
958.48
958.96
958.93
958.00
959.54
959.97
959.79
960.38
960.00
960.02
961.90
961.46
961.47
961.51
961.54
961.96
961.04
962.75
962.42
962.48
963.00
962.95
962.45
962.98
962.46
963.14
963.48
963.44
963.04
963.01
963.49
963.50
963.45
964.33
964.89
964.97
964.98
964.52
964.54
964.46
964.51
965.45
965.98
965.99
965.00
965.50
965.49
965.04
965.47
966.45
966.50
966.04
966.91
966.47
966.55
966.46
966.49
966.53
967.13
967.20
967.97
967.10
967.58
968.77
968.45
968.96
968.47
968.46
968.99
968.97
968.58
969.45
969.54
969.43
969.47
969.44
969.06
969.46
969.48
970.48
970.83
970.90
970.49
970.99
971.47
971.10
971.50
971.99
972.00
971.55
971.89
972.48
972.49
972.95
972.98
972.04
973.43
973.44
973.96
973.52
973.45
973.46
974.96
974.20
974.97
974.01
975.12
975.45
975.50
976.00
975.55
975.53
976.94
976.42
976.47
976.49
976.98
976.55
976.03
976.53
977.97
977.04
977.54
977.92
977.96
977.49
977.46
977.53
977.23
978.04
978.48
978.46
978.50
978.39
978.47
979.00
979.98
979.47
979.49
979.04
979.05
980.48
980.47
980.46
980.97
980.51
980.50
980.83
980.99
980.55
980.49
981.42
981.43
981.47
981.49
981.45
981.50
981.39
982.44
982.43
982.49
982.51
982.03
982.02
983.85
983.48
983.47
983.94
983.02
983.51
984.96
984.50
984.48
985.46
985.91
985.44
985.42
985.96
986.49
986.51
986.50
986.05
987.51
987.43
987.50
988.00
987.49
987.56
987.48
988.46
988.50
988.54
988.53
989.89
989.50
989.01
989.48
990.35
990.96
990.97
991.97
991.43
991.52
991.41
991.50
991.07
991.89
991.91
992.44
992.11
992.50
992.49
992.55
992.23
993.40
993.77
993.42
993.45
993.73
993.92
993.49
993.53
994.52
994.50
994.01
994.47
994.45
995.46
995.49
995.02
996.97
996.95
996.50
996.48
997.02
997.92
997.11
997.47
997.53
998.96
998.52
998.84
998.49
998.53
998.55
999.51
999.48
999.29
1000.91
1000.00
1000.49
1000.88
1000.48
1001.02
1001.52
1001.51
1002.95
1002.01
1002.98
1002.56
1003.97
1003.47
1003.48
1003.07
1003.01
1003.46
1004.48
1004.95
1004.52
1004.56
1005.48
1005.90
1005.92
1005.50
1005.76
1005.54
1005.56
1005.57
1006.94
1006.45
1007.44
1007.53
1007.86
1007.48
1007.03
1007.94
1007.91
1007.58
1008.01
1008.53
1008.51
1008.49
1008.04
1008.06
1009.49
1009.52
1009.46
1009.97
1009.07
1010.00
1010.02
1010.97
1010.52
1011.43
1011.01
1011.47
1011.98
1011.48
1011.56
1012.99
1012.47
1012.50
1013.78
1013.55
1013.05
1013.48
1013.47
1013.50
1013.53
1013.51
1014.47
1014.53
1014.77
1014.00
1014.41
1015.76
1015.91
1015.93
1015.52
1015.53
1015.48
1016.09
1016.99
1016.90
1016.04
1016.47
1016.53
1016.52
1016.02
1017.99
1017.54
1017.96
1018.45
1018.99
1018.50
1019.43
1019.52
1019.53
1019.45
1019.49
1019.58
1020.53
1020.50
1021.50
1021.01
1021.51
1021.49
1022.94
1022.49
1022.18
1022.51
1023.53
1023.49
1023.01
1023.23
1023.54
1024.45
1024.97
1024.07
1024.01
1024.02
1024.92
1025.89
1025.57
1025.56
1026.04
1026.39
1026.47
1026.02
1026.59
1027.00
1027.50
1027.48
1027.06
1027.08
1027.54
1027.02
1027.94
1027.26
1028.56
1028.46
1028.55
1028.05
1029.14
1029.51
1029.53
1029.55
1029.77
1029.52
1029.42
1029.04
1031.00
1030.46
1030.99
1030.51
1030.78
1030.54
1032.90
1032.00
1032.52
1032.02
1032.50
1032.51
1032.73
1032.39
1033.50
1033.91
1033.51
1033.52
1034.52
1034.99
1035.00
1035.94
1035.99
1036.00
1036.48
1036.46
1036.14
1036.06
1037.08
1037.99
1037.07
1037.60
1037.02
1038.79
1038.13
1038.49
1039.50
1039.96
1039.51
1040.49
1040.97
1040.01
1040.57
1041.49
1041.51
1041.01
1041.99
1042.94
1043.98
1043.99
1043.47
1043.77
1043.06
1043.57
1044.96
1045.35
1045.51
1045.40
1046.51
1047.91
1047.52
1047.24
1047.02
1048.55
1048.77
1049.80
1049.48
1049.51
1049.56
1050.50
1050.54
1050.62
1050.52
1051.77
1051.47
1051.06
1052.58
1052.49
1054.00
1053.51
1053.94
1053.44
1053.50
1053.45
1053.02
1054.03
1054.01
1054.59
1055.54
1055.55
1056.92
1056.76
1056.52
1056.04
1056.55
1057.52
1057.10
1057.53
1058.53
1058.19
1059.54
1059.60
1059.56
1060.43
1060.59
1061.92
1061.00
1061.02
1061.52
1061.59
1062.09
1062.51
1062.42
1062.05
1062.56
1063.99
1063.49
1063.55
1063.94
1065.56
1065.04
1065.51
1066.35
1066.59
1066.60
1067.03
1067.43
1067.58
1068.02
1068.48
1068.58
1069.38
1069.47
1069.53
1069.98
1069.52
1070.41
1070.45
1071.01
1071.00
1071.02
1072.91
1072.43
1073.99
1073.46
1073.59
1073.56
1074.80
1074.15
1074.02
1074.22
1075.97
1076.03
1077.47
1077.95
1077.06
1077.56
1077.59
1078.46
1078.93
1078.45
1079.53
1079.56
1080.83
1080.57
1081.52
1082.44
1082.07
1082.95
1083.97
1083.99
1083.05
1084.50
1084.02
1084.07
1085.53
1086.53
1086.56
1087.81
1087.39
1087.90
1087.04
1088.01
1088.07
1089.61
1090.49
1090.54
1090.55
1091.95
1091.11
1091.61
1091.97
1091.59
1091.46
1091.06
1092.55
1092.57
1092.15
1093.55
1094.56
1094.98
1095.55
1096.58
1096.56
1097.05
1098.15
1098.55
1099.06
1099.47
1099.96
1100.89
1101.04
1102.54
1102.51
1102.13
1104.16
1104.02
1104.63
1106.91
1106.53
1106.50
1106.10
1107.50
1107.42
1107.52
1107.56
1108.51
1108.55
1109.56
1109.08
1109.02
1110.14
1110.02
1110.51
1111.14
1111.54
1112.01
1112.05
1113.92
1114.54
1114.00
1114.51
1115.06
1116.56
1116.06
1117.56
1119.00
1120.93
1121.13
1121.42
1121.91
1122.04
1122.54
1122.57
1123.08
1124.91
1125.93
1126.97
1128.44
1128.46
1129.48
1131.55
1132.55
1132.08
1134.53
1134.09
1135.06
1135.52
1135.07
1136.47
1136.53
1137.14
1140.56
1140.86
1142.07
1147.08
1148.59
1149.48
1150.48
1150.06
1151.55
1151.54
1152.48
1153.56
1154.56
1154.57
1155.53
1155.78
1160.16
1161.08
1162.54
1163.91
1163.54
1165.51
1165.00
1166.62
1167.07
1167.99
1167.52
1167.67
1168.45
1168.42
1169.97
1169.42
1169.82
1169.57
1170.57
1170.50
1170.58
1171.08
1171.60
1173.00
1174.15
1177.46
1177.84
1178.56
1179.49
1179.57
1179.08
1179.01
1181.15
1182.07
1182.57
1185.05
1186.08
1187.08
1187.53
1188.04
1189.99
1191.51
1192.57
1193.55
1194.59
1195.55
1198.92
1199.58
1208.55
1211.16
1211.51
1211.65
1214.02
1217.49
1220.99
1222.52
1224.15
1224.70
1224.95
1225.51
1225.20
1226.58
1229.45
1229.59
1230.00
1231.61
1231.03
1234.06
1238.18
1239.52
1240.12
1242.63
1243.05
1245.53
1249.13
1250.71
1257.13
1257.23
1257.09
1263.10
1264.06
1265.83
1267.49
1268.50
1270.42
1272.19
1274.10
1276.01
1278.05
1282.14
1286.05
1289.07
1295.51
1301.51
1302.59
1306.25
1309.57
1310.53
1315.40
1317.07
1319.53
1319.88
1324.21
1324.92
1327.12
1328.55
1332.66
1334.56
1343.13
1347.90
1348.23
1351.58
1355.10
1361.10
1369.11
1373.65
1377.88
1378.87
1378.52
1385.08
1387.57
1392.05
1397.65
1400.56
1406.60
1406.91
1408.57
1422.09
1424.91
1427.57
1439.57
1455.93
1464.28
1470.56
1486.58
1495.59
1521.10
1523.29
1530.11
1570.28
1571.65
1607.12
1619.65
1632.59
1638.27
1649.44
1666.28
1690.65
1691.15
1705.66
1706.42
1733.16
1747.17
1781.73
1787.69
