220.04
222.98
223.15
224.13
225.09
228.96
228.20
231.93
233.15
234.13
234.96
235.93
235.17
237.18
237.09
239.90
239.95
242.94
242.03
243.02
244.19
246.10
247.94
247.23
251.14
251.04
253.18
254.96
256.09
256.26
258.92
259.19
261.07
262.05
263.24
264.25
264.93
265.22
265.15
265.20
265.25
266.95
269.21
270.97
270.07
271.92
272.20
273.22
274.27
275.12
275.26
278.90
278.25
279.16
280.26
280.10
280.91
281.95
282.28
282.22
283.21
284.29
285.91
287.22
289.99
289.27
291.25
292.28
293.18
294.95
294.15
296.26
297.15
297.24
297.29
298.27
299.92
299.00
299.31
301.14
301.13
304.25
304.21
304.91
304.30
304.90
306.94
306.30
307.86
308.28
308.29
309.20
309.17
310.31
311.17
312.94
312.33
313.27
313.97
317.15
317.11
319.30
320.89
320.24
321.21
321.32
323.90
324.00
325.18
325.29
326.90
327.25
327.08
327.95
327.96
328.92
328.91
329.00
329.01
329.21
332.96
333.13
334.31
336.86
336.33
337.21
337.27
339.20
339.35
339.29
340.36
340.06
341.05
341.35
342.01
346.89
348.86
349.87
349.21
350.12
350.33
352.32
354.34
354.11
354.12
355.37
359.97
360.99
360.32
361.17
362.88
362.87
362.99
365.88
366.23
366.91
366.37
366.90
367.34
369.35
370.00
371.32
372.35
372.13
375.84
376.26
376.32
376.30
377.02
378.98
378.02
379.01
381.00
383.88
384.35
384.05
385.35
385.22
387.19
388.87
388.34
390.87
391.89
391.29
392.29
393.17
393.07
394.29
394.22
395.10
398.40
399.13
400.31
405.30
408.29
408.31
409.38
410.33
411.08
413.27
413.38
414.17
416.39
419.32
419.98
420.84
420.25
422.29
423.28
423.27
424.28
426.36
427.38
428.37
429.24
430.99
431.38
433.33
435.18
436.34
436.81
438.27
440.89
440.92
441.30
444.33
444.40
444.41
445.29
445.12
445.79
446.12
447.12
447.35
449.36
450.36
451.29
452.20
456.29
457.16
457.27
458.35
458.27
458.28
460.40
462.15
462.03
465.33
465.14
466.34
466.14
467.30
469.78
470.85
471.30
472.83
472.44
473.13
473.34
474.98
475.36
478.29
478.18
480.16
480.31
482.79
482.35
484.45
488.36
489.31
489.40
489.82
489.28
489.32
491.46
492.44
493.35
496.34
497.32
499.33
500.78
502.37
503.11
504.27
504.08
506.29
508.30
508.44
508.21
509.32
510.49
511.33
511.83
513.84
513.09
516.43
518.36
518.24
518.49
518.23
519.14
520.34
520.51
522.36
524.37
529.27
529.46
530.87
532.38
532.29
532.47
532.44
537.17
537.54
538.16
538.52
539.52
540.53
546.40
546.53
546.52
552.20
552.54
552.51
553.40
553.37
553.74
554.18
554.51
554.87
555.84
556.49
558.49
558.51
560.50
563.55
564.54
565.57
566.35
566.55
567.42
568.22
568.53
568.57
571.48
571.90
571.91
571.88
573.90
574.46
574.56
575.56
576.41
576.50
576.48
577.52
579.44
580.49
580.57
582.51
582.55
584.53
586.52
586.53
586.54
587.47
588.53
588.50
589.48
589.55
590.43
590.51
590.48
591.50
592.47
593.60
593.46
594.58
596.53
596.56
597.80
598.50
598.54
600.55
600.56
601.52
602.49
603.44
603.54
603.50
603.53
604.53
604.51
605.45
605.55
606.07
606.46
607.47
607.57
608.53
609.45
609.56
609.43
609.52
610.54
610.58
611.19
611.54
611.18
612.52
612.47
612.55
612.56
614.55
614.56
614.57
615.49
615.50
616.51
616.50
616.57
616.53
617.50
618.52
619.47
619.53
620.44
620.50
620.58
620.47
621.58
621.52
622.55
622.58
623.56
623.54
624.24
624.56
624.59
625.43
626.54
626.57
626.60
626.61
628.58
629.45
629.51
629.55
630.51
630.52
631.47
631.53
631.51
632.53
633.49
633.96
634.45
634.41
634.54
635.50
636.55
636.56
637.31
638.34
638.56
638.57
639.50
639.57
640.59
641.50
641.51
641.58
642.59
642.60
643.52
643.53
643.51
644.52
644.53
644.51
645.53
645.49
645.54
645.52
646.54
646.55
647.50
647.54
647.48
648.53
648.59
651.44
652.55
652.59
652.62
654.33
654.57
654.60
655.47
657.53
657.49
658.54
659.27
659.51
659.55
659.50
660.56
661.53
661.52
661.50
662.48
662.57
662.50
664.46
664.59
664.58
665.51
666.60
666.57
667.52
668.62
668.58
669.53
671.55
672.55
673.53
673.48
673.55
674.57
675.54
675.51
675.53
676.46
676.45
676.50
677.56
677.52
678.48
678.69
678.57
680.58
681.49
682.60
683.51
683.49
683.50
685.44
685.54
687.54
687.20
687.53
688.49
688.64
689.56
689.55
690.51
690.57
692.52
698.26
699.58
699.60
700.57
700.50
701.56
701.41
702.21
702.59
702.54
702.60
702.52
703.58
703.54
703.48
704.52
705.58
705.59
705.55
706.54
708.49
708.51
709.54
710.59
711.54
712.49
714.51
715.58
716.52
717.59
718.54
720.55
723.51
725.56
726.55
726.54
727.49
728.46
728.52
728.56
729.59
730.54
730.58
730.57
731.60
731.61
732.55
733.62
734.57
734.56
734.52
736.61
738.51
738.50
738.63
738.66
740.52
740.55
740.63
740.64
741.53
742.54
743.61
743.58
744.55
744.54
744.60
744.56
745.55
745.62
746.57
746.58
747.57
748.59
748.58
750.54
750.66
751.57
752.56
752.64
752.68
753.59
754.54
754.48
754.58
754.57
756.55
756.50
756.49
756.59
757.62
758.57
758.63
758.60
758.61
759.57
759.64
759.55
760.58
760.59
760.64
760.56
760.61
760.62
760.65
761.22
761.59
761.60
762.50
762.60
764.52
764.64
764.68
766.54
766.52
766.66
766.69
768.55
768.54
768.53
768.71
770.57
770.61
770.51
770.56
770.55
771.61
771.59
772.59
772.62
772.58
772.27
772.61
773.58
773.57
774.59
774.60
774.64
774.66
775.60
776.23
776.54
776.56
776.62
776.68
778.48
778.66
778.69
780.55
780.49
780.59
780.67
780.71
782.57
782.51
782.61
782.65
782.72
783.65
784.58
784.59
784.51
784.53
785.57
785.61
786.53
786.59
786.50
786.60
787.60
787.58
787.59
787.62
788.54
788.55
788.61
788.52
788.62
788.68
788.63
789.61
789.52
790.56
790.62
790.53
790.51
790.66
790.69
791.56
792.54
792.67
792.71
794.55
794.53
794.69
794.72
795.61
796.53
796.58
796.62
796.74
796.75
797.63
797.66
798.54
798.09
798.68
798.63
799.62
799.68
800.48
800.62
800.68
801.55
801.61
801.60
801.64
802.56
802.48
802.63
802.69
804.57
804.58
804.49
804.71
805.53
806.57
806.51
806.69
806.72
808.59
808.51
808.58
808.67
808.70
808.74
809.61
809.66
810.59
810.53
810.60
810.52
810.50
810.64
811.59
811.62
812.54
812.62
812.61
812.55
812.68
812.66
813.56
813.60
813.69
814.63
814.69
814.64
815.62
815.65
816.65
816.71
816.66
818.54
818.45
818.59
818.72
819.61
820.56
820.46
820.74
821.61
822.48
822.54
822.72
822.76
823.62
823.68
824.48
824.56
824.70
825.64
825.70
825.69
826.56
826.49
826.50
826.57
827.65
827.71
828.58
828.57
828.56
828.51
828.52
829.63
830.59
830.52
830.67
832.57
832.61
832.24
832.70
832.74
833.52
834.59
834.58
834.72
834.75
834.76
835.62
836.62
836.73
836.77
839.65
839.71
840.51
840.66
840.71
842.67
844.54
844.48
844.74
844.69
845.63
846.29
846.76
847.57
848.73
848.77
849.58
849.59
850.25
850.79
851.71
851.78
852.56
852.73
853.67
853.73
853.80
854.58
855.74
856.69
857.52
858.76
858.70
859.53
860.73
860.77
861.55
862.75
862.79
863.57
863.56
864.80
866.58
866.61
866.53
866.67
867.68
868.54
868.69
868.74
869.37
870.55
870.48
870.56
870.75
870.70
871.57
871.72
872.56
872.49
872.77
872.71
872.72
873.66
874.56
874.79
876.56
876.57
876.80
877.73
877.80
878.58
878.51
878.59
878.81
878.82
879.74
879.81
880.59
880.72
880.81
881.66
881.76
882.61
882.70
883.53
883.68
884.74
884.73
884.72
885.37
885.55
885.73
886.40
886.75
886.79
887.54
888.54
888.47
888.80
890.53
890.82
891.36
892.47
892.55
892.83
893.70
893.76
893.83
894.49
895.72
895.77
896.50
896.71
896.76
896.72
897.56
898.73
898.79
898.72
898.74
899.50
899.58
899.75
900.59
900.74
901.52
902.40
902.58
902.65
903.66
903.81
904.59
904.83
904.82
905.41
905.76
905.83
906.60
906.61
906.26
906.85
907.35
907.33
907.53
907.77
907.84
908.51
909.55
909.79
910.74
911.75
912.53
914.43
914.55
916.57
916.83
918.85
919.72
920.31
921.73
922.77
923.32
923.50
923.75
924.79
924.80
924.74
924.75
925.52
926.82
926.77
928.83
929.36
930.43
930.85
932.87
934.64
943.56
945.58
945.72
948.79
950.80
969.72
971.73
981.28
982.54
995.33
1054.30
1056.30
1194.82
1210.81
1488.10
