350.20
350.22
350.71
351.16
352.53
357.70
357.45
358.21
358.22
358.19
359.03
359.69
359.19
359.71
359.22
359.73
360.18
360.88
360.71
360.20
360.74
361.56
361.70
361.19
361.20
361.22
361.71
362.70
362.87
362.23
362.19
362.67
362.22
363.79
363.53
363.22
363.21
363.71
364.20
364.22
364.54
364.51
364.73
365.73
365.96
365.22
365.17
365.21
365.88
365.72
365.20
365.25
365.70
365.23
365.68
366.88
366.53
366.70
366.25
366.23
366.72
366.55
367.22
367.17
367.20
367.21
367.19
368.90
368.20
368.19
368.21
368.23
368.22
368.71
369.55
369.21
369.24
369.70
370.74
371.10
371.17
371.71
372.86
372.22
372.24
372.71
373.54
373.19
373.22
373.71
373.73
374.55
374.20
374.24
374.74
374.21
374.88
374.22
374.71
375.79
375.58
375.71
375.53
375.55
375.24
375.23
375.75
376.86
376.22
376.23
376.21
376.69
376.56
377.45
377.86
377.53
377.19
377.65
377.22
377.23
377.20
377.76
377.73
378.25
378.20
378.21
378.69
378.88
378.17
379.08
379.24
379.73
379.25
379.85
379.72
379.88
379.20
379.21
379.74
379.89
380.88
380.23
380.55
380.21
380.19
380.72
380.71
380.22
381.80
381.70
381.72
381.71
381.88
381.20
381.52
381.96
381.23
381.69
381.22
382.56
382.52
382.55
382.85
382.22
382.20
382.72
382.73
382.17
382.21
383.87
383.95
383.21
383.25
383.73
383.74
383.20
383.22
383.69
384.20
384.21
384.86
384.89
384.77
384.54
384.22
384.88
384.73
384.71
384.57
384.24
384.25
385.56
385.71
385.87
385.46
385.85
385.24
385.70
385.26
385.21
385.88
386.87
386.90
386.55
386.45
386.74
386.24
386.23
386.69
386.25
386.26
387.15
387.46
387.23
387.56
387.72
387.25
387.89
387.49
387.70
387.22
387.69
388.19
388.89
388.56
388.17
388.57
388.24
388.84
388.55
388.25
389.20
389.21
389.22
389.23
390.53
390.71
390.72
390.90
390.24
390.22
390.56
390.23
390.88
391.28
391.68
391.84
391.55
391.24
391.87
391.77
391.72
391.23
391.74
391.56
391.20
392.88
392.74
392.54
392.19
392.55
392.90
392.17
392.24
392.20
392.75
392.89
392.72
393.54
393.72
393.27
393.22
393.88
393.76
393.58
393.89
393.21
393.74
394.55
394.22
394.21
394.19
394.46
394.88
394.23
394.00
394.75
394.74
394.24
395.87
395.18
395.22
395.89
395.68
395.23
395.24
395.70
395.74
395.75
395.21
395.25
395.73
396.89
396.55
396.67
396.22
396.72
396.87
396.54
396.73
396.24
396.90
396.80
397.21
397.22
397.93
397.87
397.89
397.57
397.90
397.19
397.73
397.24
398.76
398.24
398.77
398.56
398.74
398.21
398.20
398.72
398.57
398.90
398.71
398.22
399.24
399.75
399.56
399.21
399.19
399.74
399.55
399.20
399.26
399.25
399.98
399.76
400.54
400.19
400.21
400.53
400.72
400.89
400.86
400.22
400.88
400.26
400.69
400.75
400.77
400.92
400.50
400.25
400.24
401.22
401.96
401.23
401.74
401.85
401.88
401.21
401.56
401.24
401.69
401.26
402.22
402.55
402.43
402.75
402.21
402.70
402.76
402.74
402.23
402.73
402.26
403.56
403.54
403.73
403.69
403.22
403.23
403.91
403.97
403.70
403.21
403.72
403.74
403.57
403.20
403.55
404.15
404.21
404.95
404.55
404.22
404.71
404.72
404.24
404.87
404.77
404.73
404.23
404.56
404.88
404.63
404.74
405.20
405.73
405.68
405.44
405.75
405.88
405.97
405.53
405.76
405.23
405.22
405.21
405.25
405.27
405.57
406.23
406.53
406.22
406.14
406.89
406.57
406.77
406.26
406.75
406.20
406.24
406.70
406.92
406.27
406.73
406.25
406.67
407.48
407.21
407.46
407.89
407.97
407.72
407.74
407.57
407.20
407.23
407.22
407.26
407.27
407.24
407.76
407.77
408.21
408.55
408.22
408.95
408.86
408.88
408.20
408.70
408.54
408.24
408.72
408.67
408.91
409.58
409.25
409.57
409.21
409.22
409.72
409.94
409.23
409.48
409.74
409.20
409.16
409.65
409.71
410.55
410.54
410.89
410.21
410.25
410.56
410.74
410.87
410.70
410.24
410.97
410.23
411.57
411.24
411.23
411.21
411.88
411.22
411.55
411.98
411.90
411.74
411.75
411.25
412.57
412.74
412.21
412.56
412.71
412.75
412.78
412.90
412.27
412.24
412.23
412.94
412.72
412.30
412.80
413.23
413.21
413.22
413.54
413.25
413.72
413.47
413.28
413.74
414.25
414.76
414.77
414.72
414.23
414.73
414.88
414.75
415.04
415.55
415.57
415.23
415.89
415.56
415.73
415.90
415.46
415.75
415.25
415.22
415.71
415.24
416.72
416.54
416.23
416.74
416.88
416.26
416.21
416.19
417.18
417.90
417.54
417.46
417.73
417.95
417.89
417.88
417.55
417.25
417.24
417.26
417.76
417.23
417.71
417.28
417.56
418.16
418.20
418.57
418.21
418.47
418.22
418.74
418.55
418.56
418.31
419.27
419.24
419.57
419.76
419.89
419.90
419.22
419.23
419.77
419.25
419.74
419.59
420.21
420.22
420.46
420.86
420.98
420.19
420.91
420.44
420.70
420.73
420.24
420.55
420.71
420.89
420.23
420.26
421.24
421.90
421.23
421.22
421.74
421.76
421.57
421.75
421.56
421.25
421.26
421.21
421.79
421.77
422.27
422.23
422.87
422.96
422.85
422.76
422.74
422.55
422.92
422.25
422.78
422.72
422.57
422.26
422.75
423.21
423.56
423.90
423.89
423.91
423.48
423.24
423.87
423.59
423.26
423.23
423.76
423.73
423.58
423.19
423.27
423.60
424.08
424.24
424.23
424.46
424.47
424.88
424.70
424.90
424.69
424.91
424.20
424.22
424.75
424.92
424.25
424.71
424.21
424.89
425.23
425.22
425.47
425.58
425.98
425.54
425.74
425.72
425.56
425.24
425.25
425.21
425.94
425.77
425.90
425.26
426.27
426.60
426.73
426.25
426.22
426.75
426.70
426.55
426.49
426.28
426.80
428.75
428.69
429.28
430.74
430.77
430.73
431.23
431.57
431.74
431.48
431.85
431.89
431.09
431.21
431.79
431.72
432.09
432.55
432.89
432.72
432.57
432.59
432.50
432.73
432.76
432.24
432.26
432.75
433.57
433.53
433.49
433.96
433.76
433.78
433.24
433.25
433.91
433.72
433.60
433.73
433.21
433.27
434.56
434.91
434.54
434.24
434.73
434.59
434.52
434.58
434.87
434.55
434.25
434.23
434.22
434.70
434.49
434.82
434.28
435.18
435.21
435.26
435.90
435.24
435.23
435.55
435.91
435.48
435.46
435.19
435.72
435.78
435.97
435.74
435.27
435.25
435.22
435.75
436.23
436.24
436.22
436.90
436.25
436.89
436.97
436.75
436.56
436.78
436.27
436.76
436.91
436.71
436.74
436.72
436.77
437.22
437.58
437.25
437.24
437.73
437.90
437.23
437.21
437.20
437.77
437.93
437.74
438.25
438.23
438.75
438.46
438.21
438.57
438.89
438.90
438.69
438.24
438.74
438.91
438.99
438.61
439.99
439.52
439.74
439.21
439.91
439.22
439.24
439.89
439.92
439.27
439.75
439.73
439.58
439.57
440.98
440.72
440.54
440.23
440.49
440.22
440.55
440.24
440.73
440.74
440.29
440.47
440.91
441.22
441.58
441.48
441.57
441.24
441.23
441.19
441.91
441.90
441.97
441.54
441.61
441.27
441.25
441.78
441.51
441.29
441.21
442.73
442.90
442.92
442.23
442.25
442.87
442.76
442.27
442.75
442.72
442.24
442.89
442.59
442.21
442.60
443.59
443.78
444.25
445.72
445.12
445.59
446.55
446.58
446.22
446.60
446.75
447.70
447.48
447.22
447.77
447.25
447.56
447.76
447.24
447.73
447.26
447.75
447.78
447.74
447.61
447.28
448.92
448.57
448.23
448.76
448.25
448.24
448.75
448.74
448.50
448.28
448.93
448.78
448.73
448.71
448.58
448.26
448.81
448.12
449.58
449.67
449.89
449.91
449.50
449.20
449.24
449.28
449.25
449.77
449.78
449.23
449.90
450.48
450.22
450.25
450.73
450.47
450.27
450.89
450.92
450.59
450.49
450.26
450.21
450.30
450.90
450.71
450.55
450.29
450.78
451.55
451.28
451.91
451.22
451.23
451.72
451.57
451.25
451.24
451.74
451.75
451.27
451.90
451.58
451.59
451.26
451.21
451.76
452.53
452.48
452.21
452.58
452.26
452.93
452.89
452.25
452.75
452.59
452.73
452.77
452.88
452.27
452.30
452.95
453.22
453.26
453.72
453.57
453.75
453.24
453.93
453.58
453.21
453.25
453.47
453.74
453.49
453.51
453.73
453.77
453.76
453.28
453.34
453.27
454.91
454.73
454.72
454.47
454.46
454.23
454.25
454.26
454.89
454.27
454.24
454.58
454.75
455.00
454.71
454.74
454.78
454.32
454.21
454.77
454.29
455.48
455.21
455.24
455.90
455.99
455.23
455.74
455.29
455.25
455.73
455.75
455.68
455.27
456.24
456.56
456.91
456.54
456.55
456.23
456.20
456.76
456.26
456.28
456.71
456.32
456.29
456.75
456.22
456.78
456.98
456.59
457.28
457.22
457.24
457.56
457.91
457.49
457.89
457.25
457.74
457.21
457.79
457.57
457.77
457.60
458.20
458.59
458.91
458.25
458.93
458.69
458.27
458.90
458.50
458.30
458.60
458.57
458.77
458.79
458.76
458.62
459.72
459.57
459.24
459.44
459.56
459.75
459.98
459.22
459.73
459.74
459.93
459.28
459.94
460.59
460.72
460.90
460.47
460.56
460.74
460.77
460.27
460.78
460.53
460.26
460.50
460.76
460.48
460.28
460.58
460.24
460.80
460.75
460.94
461.25
461.72
461.47
461.90
461.76
461.75
461.24
461.91
461.28
461.26
461.79
461.77
461.50
461.59
462.15
462.60
462.72
462.26
462.29
462.22
462.25
462.78
462.74
462.90
462.94
462.73
462.23
462.76
462.27
462.75
462.93
463.71
463.57
463.99
463.94
463.76
463.59
463.72
463.75
463.79
463.22
463.55
463.91
463.27
463.26
463.74
463.58
463.29
463.24
464.56
464.21
464.99
464.24
464.75
464.25
464.72
464.27
464.58
464.80
464.89
464.98
464.28
464.78
464.26
464.77
464.30
464.31
465.56
465.25
465.21
465.26
465.24
465.57
465.66
465.77
465.92
465.27
465.53
465.74
465.59
465.79
465.29
465.22
465.23
465.96
465.78
465.80
465.54
466.92
466.74
466.26
466.97
466.73
466.25
466.75
466.22
466.57
466.47
466.27
466.28
466.59
466.71
466.56
466.24
466.93
466.29
467.96
468.00
467.26
467.22
467.89
467.23
467.74
467.58
467.25
467.77
467.51
467.98
467.78
467.91
467.75
467.28
467.52
467.30
467.62
468.29
468.24
468.58
468.97
468.49
468.27
468.91
468.55
468.92
468.28
468.57
468.77
468.19
468.30
468.90
468.79
468.75
468.25
468.59
468.63
469.92
469.25
469.24
469.91
469.90
469.58
469.56
469.55
469.26
469.49
469.74
469.75
469.78
469.77
469.22
469.76
469.28
470.74
470.55
470.23
470.25
470.76
470.24
470.30
470.26
470.91
470.75
470.79
470.60
471.80
471.92
471.73
471.58
471.90
471.25
471.74
471.94
471.24
471.77
471.27
471.28
471.26
471.29
471.62
471.60
471.03
471.79
472.23
472.22
472.26
472.92
472.25
472.28
472.24
472.57
472.29
472.77
472.58
472.30
472.79
472.76
472.59
472.27
472.75
473.99
473.23
473.92
473.48
473.26
473.22
473.25
473.77
473.93
473.57
473.27
473.74
473.28
473.76
473.30
473.29
473.63
474.91
474.58
474.93
474.24
474.26
474.90
474.22
474.28
474.75
474.57
474.78
474.25
474.99
474.27
474.56
474.92
474.59
474.29
474.31
475.50
475.92
475.25
475.59
475.23
475.27
475.26
475.77
475.22
475.28
475.76
475.93
475.00
476.57
476.74
476.73
476.25
476.76
476.27
476.24
476.92
476.98
476.02
476.26
476.31
476.90
476.62
476.55
477.76
477.24
477.27
477.72
477.74
477.25
477.75
477.79
477.59
477.77
477.31
477.29
477.28
477.63
478.26
478.58
478.75
478.74
478.23
478.91
478.49
478.27
478.77
478.90
478.69
478.93
478.54
478.79
478.61
478.78
478.98
478.28
479.75
479.26
479.74
479.77
479.25
479.24
479.56
479.01
479.29
479.94
479.78
479.60
479.76
480.72
480.92
480.58
480.26
480.24
480.56
480.21
480.50
480.23
480.61
480.74
480.78
480.76
480.80
480.28
480.00
480.57
480.96
480.75
480.81
481.76
481.20
481.60
481.23
481.55
481.73
481.24
481.25
481.93
481.92
481.26
481.74
481.27
481.29
481.91
481.96
481.52
481.77
481.59
481.50
481.61
481.30
482.01
482.24
482.56
482.73
482.27
482.92
482.94
482.26
482.76
482.23
482.79
482.60
482.28
482.58
482.74
482.50
482.78
482.30
482.63
483.58
483.52
483.25
483.94
483.22
483.72
483.92
483.77
483.75
483.27
483.50
483.01
483.95
483.60
483.64
484.27
484.91
484.25
484.23
484.80
484.73
484.93
484.21
484.60
484.28
484.29
484.24
484.95
484.77
484.92
484.31
484.62
484.76
484.26
485.76
485.92
485.71
485.26
485.60
485.58
485.90
485.28
485.24
485.27
485.31
485.82
485.79
485.96
485.94
485.93
485.78
486.90
486.51
486.26
486.78
486.74
486.88
486.24
486.49
486.75
486.25
486.27
486.76
486.62
486.77
486.55
486.29
486.01
486.94
486.31
486.79
486.80
486.33
486.23
486.63
487.01
487.57
487.89
487.22
487.61
487.95
487.79
487.73
487.94
487.27
487.25
487.78
487.75
487.28
487.31
487.97
488.26
488.76
488.91
488.50
488.92
488.73
488.29
488.25
488.60
488.75
488.27
488.28
488.31
488.94
488.96
488.30
489.06
489.26
489.24
489.23
489.74
489.75
489.25
489.27
489.28
489.98
489.29
489.78
489.95
489.58
489.77
489.61
489.96
489.31
490.57
490.24
490.90
490.89
490.76
490.91
490.55
490.28
490.77
490.73
490.74
490.94
490.25
490.60
490.26
490.27
490.32
490.49
490.31
490.29
491.21
491.58
491.93
491.77
491.75
491.76
491.59
491.78
491.29
491.23
491.28
491.94
491.26
491.79
491.82
491.00
491.25
491.99
491.04
491.60
491.31
491.30
491.81
492.91
492.57
492.56
492.90
492.26
492.87
492.94
492.25
492.73
492.78
492.23
492.75
492.80
492.24
492.28
492.27
492.30
492.77
492.99
492.33
493.27
493.88
493.28
493.49
493.01
493.00
493.80
493.76
493.73
493.25
493.78
493.26
493.29
493.79
493.30
493.31
493.75
493.65
493.81
494.25
494.91
494.24
494.75
494.58
494.76
494.27
494.62
494.86
494.26
494.74
494.77
494.30
494.59
494.79
494.02
494.78
494.98
494.80
495.93
495.02
495.25
495.28
495.60
495.62
495.76
495.99
495.78
495.75
495.27
495.71
495.23
495.77
495.24
495.92
495.56
495.95
495.94
495.29
495.51
495.80
495.26
495.81
495.74
496.25
496.76
496.58
496.26
496.75
496.52
496.27
496.49
496.28
496.78
496.63
496.30
496.77
496.94
496.73
496.59
496.29
496.01
496.60
496.79
496.32
496.97
496.20
497.58
497.27
497.73
497.25
497.78
497.26
497.77
497.80
497.91
497.75
497.29
497.24
497.94
497.95
497.98
497.31
498.78
498.01
498.74
498.99
498.51
498.23
498.26
498.89
498.27
498.28
498.75
498.25
498.92
498.94
498.60
498.30
498.00
498.77
498.33
498.31
498.32
499.57
499.92
499.01
499.26
499.28
499.81
499.73
499.31
499.77
499.61
499.58
499.62
499.59
499.25
499.29
499.79
499.32
499.30
499.74
500.51
500.25
500.59
500.24
500.28
500.21
500.26
500.77
500.57
500.49
500.78
500.22
500.31
500.27
500.81
500.30
500.52
500.29
500.94
500.53
500.79
501.25
501.27
501.93
501.62
501.79
501.94
501.73
501.26
501.30
501.61
501.77
502.76
502.26
502.25
502.30
502.27
502.29
502.28
502.75
502.81
502.65
503.11
503.27
503.95
503.62
503.73
503.75
503.78
503.56
503.72
503.79
504.75
504.53
504.94
504.25
504.26
504.95
504.77
504.27
504.01
504.28
504.80
504.59
505.79
505.93
505.31
505.25
505.76
505.50
505.75
505.28
505.74
505.59
505.55
505.77
505.26
505.27
505.63
505.62
505.60
505.57
506.27
506.88
506.28
506.58
506.76
506.49
506.52
506.31
506.00
506.30
506.57
506.78
506.96
506.26
506.29
506.23
506.80
506.33
506.79
506.98
506.77
507.76
507.28
507.29
507.91
507.93
507.73
507.52
507.24
507.79
507.96
507.27
507.77
507.25
507.30
507.62
507.14
508.21
508.91
508.27
508.60
508.26
508.29
508.25
508.94
508.24
508.99
508.04
508.28
508.31
508.76
508.30
508.79
508.74
508.80
508.77
508.59
508.81
508.98
508.33
509.72
509.58
509.24
509.77
509.74
509.91
509.26
509.75
509.76
509.51
509.27
509.23
509.81
509.96
509.79
509.28
509.25
509.03
509.92
509.29
509.32
509.31
509.62
509.69
509.80
509.89
509.30
509.82
509.57
509.53
510.28
510.25
510.59
510.04
510.26
510.27
510.61
510.78
510.54
510.64
510.81
510.98
510.24
510.76
510.95
510.29
511.01
511.26
511.91
511.79
511.81
511.78
511.25
511.92
511.57
511.27
511.04
511.32
511.96
511.02
511.31
511.99
511.97
511.28
511.33
511.65
512.94
512.23
512.75
512.22
512.52
512.27
512.28
512.31
512.24
512.26
512.58
512.77
512.92
512.61
512.93
512.78
512.30
512.65
512.76
512.34
513.27
513.95
513.59
513.78
513.99
513.80
513.93
513.96
513.24
513.87
513.23
513.30
513.31
513.28
513.94
513.29
513.32
513.25
513.76
513.57
514.93
514.25
514.75
514.24
514.50
514.51
514.60
514.30
514.78
514.59
514.26
514.27
514.80
514.77
514.32
515.74
515.53
515.23
515.58
515.75
515.32
515.26
515.29
515.77
515.28
515.94
515.25
515.27
515.71
515.96
515.78
515.56
515.81
515.80
515.98
516.27
516.91
516.25
516.28
516.93
516.62
516.76
516.92
516.78
516.80
516.58
516.30
516.72
516.31
516.34
516.82
517.24
517.77
517.51
517.80
517.01
517.76
517.62
517.27
517.78
517.28
517.48
517.29
517.32
517.33
518.51
518.52
518.93
518.27
518.60
518.46
518.28
518.49
518.96
518.83
518.95
518.26
518.53
518.76
519.77
519.75
519.51
519.78
519.31
519.81
519.76
519.14
519.74
519.60
519.96
519.30
519.24
519.63
519.26
520.28
520.94
520.29
520.27
520.31
520.63
520.33
520.62
520.64
520.58
521.14
521.74
521.24
521.29
521.57
521.79
521.61
521.03
521.54
521.25
521.78
521.51
521.94
521.31
521.30
521.95
521.80
521.81
521.76
521.26
521.65
522.58
522.60
522.93
522.02
522.30
522.79
522.90
522.25
522.50
522.27
522.29
522.23
522.26
522.59
522.81
522.77
522.28
522.64
522.95
522.63
522.80
523.26
523.77
523.25
523.78
523.28
523.30
523.79
523.23
523.75
523.24
523.90
523.61
523.59
523.80
523.64
523.97
523.96
523.82
523.29
523.63
523.27
523.31
523.91
523.00
523.11
524.75
524.25
524.95
524.50
524.94
524.62
524.20
524.76
524.60
524.30
524.59
524.27
524.78
524.28
524.57
524.29
524.79
524.80
524.26
524.77
524.97
524.96
524.65
524.61
524.31
524.83
524.64
524.24
524.88
524.36
524.38
525.99
525.94
525.79
525.22
525.93
525.59
525.27
525.30
525.04
525.80
525.76
525.24
525.96
525.26
525.78
525.77
525.31
525.33
526.24
526.29
526.26
526.62
526.50
526.91
526.72
526.81
526.75
526.90
526.03
526.77
526.28
526.80
526.60
526.79
526.82
526.30
526.27
526.97
526.25
526.83
526.33
526.66
526.32
527.93
527.00
527.02
527.78
527.29
527.95
527.24
527.59
527.28
527.60
527.77
527.80
527.30
527.61
527.76
527.34
527.97
527.27
527.31
527.81
527.33
527.88
528.28
528.02
528.30
528.32
528.26
528.50
528.29
528.79
528.31
528.61
528.24
528.58
528.69
528.76
528.80
528.81
528.63
528.23
528.64
528.56
528.98
528.78
529.27
529.25
529.92
529.28
529.20
529.79
529.32
529.26
529.82
529.80
529.24
529.30
529.96
529.31
529.93
529.34
529.94
529.29
529.81
529.33
530.94
530.25
530.28
530.56
530.78
530.50
530.89
530.90
530.27
530.92
530.31
530.03
530.61
530.32
530.30
530.95
530.81
530.79
530.76
530.99
530.60
530.75
530.64
530.65
530.33
531.26
531.75
531.93
531.28
531.30
531.25
531.29
531.31
531.78
531.94
531.62
531.82
531.52
531.95
531.32
531.23
531.84
531.81
531.83
532.92
532.27
532.26
532.77
532.48
532.28
532.29
532.80
532.05
532.97
532.31
532.78
532.79
532.32
532.55
532.30
532.33
532.00
533.26
533.24
533.95
533.25
533.82
533.76
533.31
533.78
533.03
533.29
533.27
533.75
533.96
533.32
533.34
533.54
533.33
533.28
533.94
533.93
533.74
533.53
533.00
533.79
534.31
534.27
534.29
534.78
534.61
534.74
534.81
534.77
535.00
535.01
535.81
535.80
535.73
536.24
536.17
536.97
536.75
536.76
536.61
536.31
536.63
536.16
537.28
537.32
537.94
537.61
538.62
538.88
538.76
538.29
538.27
538.26
538.28
538.78
538.23
538.97
538.94
538.77
538.92
538.79
538.80
538.63
538.33
538.40
539.60
539.94
539.16
539.76
539.58
539.25
539.30
539.74
539.29
539.77
539.26
539.78
539.32
539.95
539.28
539.54
539.81
539.83
539.62
539.75
539.48
539.15
540.26
540.60
540.58
540.78
540.79
540.24
540.28
540.23
540.27
540.75
540.31
540.76
540.94
540.97
540.29
540.64
540.04
540.33
540.95
540.35
540.15
541.76
541.83
541.59
541.49
541.26
541.77
541.27
541.81
541.51
541.61
541.25
541.32
541.29
541.82
541.34
541.00
542.78
542.27
542.58
542.62
542.90
542.94
542.31
542.76
542.69
542.79
542.53
542.63
542.29
542.84
542.32
542.92
542.28
542.82
542.05
542.81
542.61
542.01
542.80
542.22
543.76
543.31
543.61
543.93
543.78
543.94
543.96
543.27
543.63
543.28
543.95
543.55
543.82
543.30
543.32
543.77
543.35
543.33
543.79
543.29
543.97
544.28
544.59
544.52
544.29
544.99
544.77
544.62
544.31
544.82
544.97
544.78
544.30
544.32
544.33
544.79
544.34
544.53
544.26
545.75
545.29
545.91
545.27
545.62
545.96
545.25
545.02
545.60
545.80
545.77
545.31
545.76
545.92
545.33
545.64
545.95
545.30
545.78
545.32
545.82
546.94
546.27
546.28
546.92
546.77
546.79
546.62
546.31
546.58
546.25
546.80
546.30
546.03
546.65
546.33
546.21
546.29
546.84
546.32
546.68
547.59
547.27
547.79
547.01
547.80
547.77
547.55
547.65
547.76
547.78
547.28
547.63
547.96
547.81
547.26
547.30
547.82
547.33
547.24
547.97
547.68
548.79
548.01
548.23
548.87
548.77
548.25
548.59
548.75
548.82
548.27
548.83
548.74
548.73
548.28
548.97
548.29
548.78
548.80
548.99
548.62
548.84
548.31
548.92
548.35
548.64
548.34
549.76
549.26
549.82
549.50
549.08
549.60
549.29
549.75
549.28
549.21
549.30
549.81
549.27
549.54
549.33
549.83
549.80
549.49
550.26
550.60
550.94
550.93
550.24
550.32
550.02
550.75
550.03
550.95
550.97
550.29
550.23
550.30
550.63
550.65
550.98
550.33
550.62
550.31
550.78
550.61
550.96
550.81
550.80
550.00
551.51
551.30
551.26
551.60
551.01
551.79
551.02
551.28
551.29
551.78
551.81
551.65
551.64
551.76
551.33
551.80
551.25
551.63
551.96
551.83
551.32
551.06
551.24
551.34
552.51
552.29
552.31
552.81
552.03
552.30
552.77
552.26
552.79
552.78
552.28
552.96
552.27
552.25
552.82
552.98
552.65
552.33
552.66
552.75
552.80
552.35
552.41
553.02
553.92
553.61
553.25
553.57
553.23
553.29
553.26
553.77
553.78
553.94
553.76
553.30
553.63
553.31
553.54
553.32
553.83
553.65
553.33
553.85
553.34
554.27
554.94
554.77
554.29
554.81
554.31
554.25
554.97
554.26
554.80
554.30
554.32
554.82
554.96
554.62
554.10
555.91
555.96
555.79
555.77
555.26
555.28
555.93
555.78
555.36
555.33
555.80
555.76
555.37
555.24
555.35
555.98
555.30
555.68
556.94
556.27
556.79
556.60
556.93
556.62
556.24
556.28
556.75
556.26
556.82
556.97
556.61
556.31
556.29
556.55
556.83
556.30
556.84
556.34
556.85
556.68
556.33
557.96
557.77
557.50
557.76
557.02
557.28
557.55
557.32
557.29
557.33
557.30
557.97
557.82
557.79
557.81
557.26
557.31
557.99
558.00
557.85
558.54
558.27
558.82
558.05
558.61
558.31
558.77
558.78
558.95
558.79
558.92
558.81
558.63
558.06
558.29
558.80
558.30
558.32
558.99
558.66
558.83
558.35
559.99
559.92
559.51
559.61
559.29
559.78
559.75
559.31
559.28
559.27
559.63
559.33
559.65
559.83
559.32
560.79
560.27
560.29
560.26
560.03
560.58
560.53
560.57
560.30
560.28
560.60
560.77
560.54
560.63
560.25
560.31
560.33
560.80
560.64
560.65
560.34
560.84
560.00
561.63
561.30
561.34
561.25
561.28
561.61
561.26
561.29
561.74
561.52
561.31
561.32
561.96
561.73
561.82
561.33
561.80
561.81
561.85
561.35
562.29
562.95
562.94
562.82
562.32
562.61
562.31
562.28
562.81
562.78
562.27
562.96
562.33
562.34
562.52
562.30
562.63
562.36
562.77
562.86
562.57
563.31
563.26
563.29
563.94
563.55
563.62
563.96
563.81
563.63
563.28
563.78
563.25
563.97
563.79
563.07
563.30
563.34
563.80
563.82
563.47
563.19
564.94
564.80
564.91
564.30
564.03
564.61
564.79
564.01
564.31
564.26
564.27
564.62
564.93
564.29
564.34
564.64
564.32
564.86
564.81
564.84
564.83
564.60
565.63
565.89
565.62
565.29
565.30
565.28
565.32
565.97
565.26
565.79
565.81
565.56
565.80
565.31
565.68
565.10
566.63
566.77
566.28
566.96
566.29
566.61
566.60
566.80
566.30
566.33
566.79
566.82
566.65
566.31
566.66
566.62
567.00
566.43
566.93
567.03
567.30
567.93
567.95
567.28
567.26
567.29
567.31
567.63
567.96
567.79
567.32
567.80
567.83
567.81
567.82
567.66
568.94
568.28
568.97
568.31
568.29
568.26
568.79
568.80
568.06
568.98
568.72
568.62
568.27
568.64
568.84
568.66
568.34
569.00
568.85
568.86
569.80
569.62
569.28
569.30
569.59
569.79
569.77
569.76
569.32
569.26
569.64
569.37
569.29
569.27
569.34
569.33
569.31
569.35
570.61
570.50
570.65
570.28
570.82
570.76
570.62
570.77
570.55
570.33
570.63
570.30
570.96
570.81
570.34
570.32
570.26
570.31
570.35
570.25
571.81
571.29
571.04
571.95
571.77
571.94
571.97
571.92
571.78
571.28
571.31
571.62
571.74
571.27
571.35
571.98
571.34
571.32
571.30
571.33
572.78
572.26
572.61
572.79
572.29
572.27
572.94
572.75
572.70
572.31
572.28
572.30
572.98
572.80
572.37
572.32
572.33
573.02
573.30
573.29
573.80
573.32
573.78
573.95
573.28
573.04
573.82
573.31
573.96
573.79
573.67
573.66
573.27
573.77
573.33
574.78
574.28
574.31
574.53
574.76
574.29
574.98
574.26
574.34
574.81
574.82
574.07
574.30
574.68
575.51
575.79
575.74
575.80
575.30
575.63
575.82
575.32
575.28
575.31
575.29
575.57
575.05
575.04
575.99
575.86
575.78
575.84
575.35
575.02
575.56
575.50
576.01
576.29
576.59
576.04
576.79
576.82
576.30
576.28
576.26
576.31
576.77
576.27
576.67
576.34
576.87
576.32
576.98
576.36
576.03
577.61
578.00
577.31
577.60
577.84
577.81
577.78
577.32
577.79
577.28
577.33
577.30
577.29
577.62
577.26
577.98
577.63
577.36
577.34
577.97
577.37
578.29
578.31
578.95
578.72
578.33
578.30
578.83
578.77
578.79
578.26
578.27
578.76
578.32
578.34
578.85
578.36
578.60
579.80
579.61
579.27
579.94
579.30
579.28
579.33
579.78
579.82
579.32
579.79
579.31
579.29
579.64
579.04
579.81
579.60
579.34
579.35
580.29
580.96
580.95
580.30
580.78
580.31
580.02
580.26
580.79
580.34
580.82
580.94
580.77
580.93
580.32
580.28
580.63
580.35
580.33
580.85
580.58
580.69
581.80
581.03
581.30
581.28
581.76
581.78
581.26
581.24
581.27
581.82
581.29
581.75
581.96
581.83
581.31
581.98
581.79
581.56
581.32
581.33
581.35
582.00
581.34
581.70
582.27
582.93
582.62
582.98
582.25
582.26
582.92
582.36
582.32
582.30
582.82
582.31
582.80
582.97
582.34
582.04
582.84
582.76
582.67
582.35
582.63
583.78
583.32
583.30
583.28
584.00
583.75
583.31
583.33
583.29
583.34
583.86
583.80
584.80
584.30
584.81
584.79
584.29
584.31
584.34
584.63
584.82
584.84
584.32
584.99
584.86
584.64
584.77
584.37
584.33
584.83
584.28
585.98
585.29
585.34
585.65
585.85
585.82
585.36
585.32
585.30
585.81
585.78
585.83
585.33
585.64
585.07
585.55
585.35
585.31
585.96
586.95
586.92
586.82
586.30
586.29
586.78
586.83
586.60
586.28
586.81
586.84
586.35
586.97
586.31
586.85
586.77
586.34
586.65
586.94
586.79
586.80
586.03
586.61
587.26
587.63
587.28
587.59
587.76
587.55
587.33
587.79
587.81
587.97
587.34
587.62
587.77
587.30
587.32
587.83
587.82
587.64
587.80
587.31
587.86
587.12
588.30
588.33
588.80
588.94
588.31
588.28
588.26
588.52
588.83
588.98
588.61
588.29
588.82
588.34
588.84
588.65
588.81
588.85
588.32
588.36
589.75
589.52
589.60
589.30
589.93
589.79
589.83
589.62
589.32
589.27
589.34
589.28
589.65
589.96
589.78
589.36
590.31
590.79
590.78
590.76
590.95
590.28
590.80
590.96
590.30
590.85
590.35
590.32
590.87
590.70
591.32
591.54
591.29
591.93
591.27
591.28
591.30
591.80
591.31
591.77
591.66
591.36
591.67
591.96
591.84
592.28
592.29
592.27
592.78
592.98
592.30
592.84
592.33
592.09
592.34
592.05
592.32
592.38
592.37
592.83
592.04
593.16
593.80
593.28
593.75
593.67
593.81
593.30
593.62
593.33
593.29
593.66
593.55
593.31
593.36
593.65
593.85
593.99
593.68
593.82
593.83
593.84
593.86
594.96
594.97
594.93
594.80
594.31
594.62
594.34
594.79
594.30
594.98
594.77
594.32
594.81
594.82
594.84
594.35
594.52
594.57
594.83
594.33
594.85
594.12
595.30
595.61
595.80
595.26
595.29
595.63
595.76
595.81
595.78
595.85
595.77
595.31
595.96
595.66
595.32
595.99
595.94
595.28
595.33
595.02
595.37
596.93
596.63
596.79
596.03
596.80
596.31
596.32
596.78
596.97
596.29
596.27
596.62
596.81
596.99
596.84
596.30
596.33
596.82
596.34
596.38
597.51
597.30
597.79
597.96
597.33
597.86
597.32
597.65
597.29
597.36
597.31
597.97
597.84
597.67
597.34
597.87
598.30
598.80
598.62
598.28
598.36
598.32
598.33
598.81
598.31
598.34
598.55
598.27
598.84
598.99
598.69
598.29
598.77
598.24
598.37
599.04
599.76
599.77
599.29
599.96
599.30
599.33
599.80
599.34
599.64
599.84
599.63
599.86
599.98
599.02
599.03
599.31
600.00
599.38
599.35
600.30
600.03
600.64
600.32
600.28
600.81
600.62
600.80
600.65
600.97
600.08
600.34
600.33
600.31
600.26
600.27
600.84
600.01
600.36
600.83
600.04
600.88
601.82
601.31
601.65
601.81
601.76
601.83
601.98
601.00
602.00
601.25
601.96
601.32
601.64
601.28
601.35
601.36
601.30
601.94
601.33
601.04
601.88
602.81
602.82
602.79
602.66
602.33
602.28
602.29
602.80
602.34
602.83
602.27
602.35
602.30
602.63
602.31
602.38
603.82
603.94
603.80
603.63
603.99
603.35
603.33
603.30
603.29
603.78
603.31
603.57
603.34
603.84
603.88
604.79
604.96
604.04
604.67
604.80
604.62
604.30
604.63
604.78
604.95
604.32
604.98
604.28
604.81
604.89
604.85
604.34
604.33
604.83
604.37
604.86
604.03
605.29
605.28
605.95
605.23
605.31
605.03
605.06
605.30
605.78
605.33
605.64
605.35
605.97
605.32
605.65
605.81
605.60
605.82
605.54
605.04
605.34
605.36
606.00
605.96
605.87
605.85
605.83
605.79
605.38
606.81
606.80
606.56
606.32
606.30
606.28
606.34
606.98
606.29
606.63
606.78
606.35
606.99
606.27
606.58
606.82
606.79
606.33
606.85
606.37
606.39
606.38
607.31
607.05
607.63
607.81
607.86
607.82
607.76
607.75
607.84
607.62
607.36
607.30
607.33
607.32
607.01
607.80
607.34
607.35
607.64
608.83
608.62
608.97
608.30
608.96
608.78
608.33
608.99
608.35
609.66
609.32
609.79
609.33
609.78
609.88
609.31
610.30
610.29
610.28
610.32
610.97
610.31
610.19
610.81
610.83
611.82
611.83
611.34
611.31
611.98
611.29
611.33
611.08
611.99
611.91
612.30
612.83
612.78
612.65
612.77
612.32
612.28
612.97
612.61
612.64
612.80
612.79
612.31
612.37
612.96
612.33
612.35
612.86
612.18
612.88
613.63
613.86
613.33
613.62
613.04
613.75
613.57
613.32
613.73
613.84
613.64
613.00
613.92
613.37
613.85
613.88
613.30
613.82
613.29
614.94
614.55
614.32
614.30
614.83
614.35
614.95
614.84
614.07
614.33
615.00
614.80
614.77
614.42
614.85
614.99
614.67
614.34
614.82
614.66
614.39
614.36
614.31
614.71
615.31
615.55
615.95
616.00
615.98
615.80
615.84
615.32
615.30
615.33
615.82
615.02
615.35
615.36
615.38
616.29
616.62
616.80
616.25
616.31
616.33
616.82
616.37
616.99
616.83
616.64
616.30
616.32
616.01
616.87
616.84
616.35
616.98
616.81
617.60
617.81
617.64
617.31
617.32
617.35
617.78
617.80
617.99
617.29
617.98
617.30
617.82
617.08
617.33
617.87
617.26
617.85
618.61
618.31
618.78
618.25
618.66
618.34
618.84
618.30
618.29
618.26
618.79
618.56
618.33
618.35
618.32
618.77
618.00
618.96
618.64
618.85
618.36
618.83
618.71
619.33
619.82
619.63
619.98
619.29
619.34
619.31
619.61
619.27
619.81
619.36
619.30
619.65
619.87
619.01
619.68
619.32
619.38
619.35
620.66
620.79
620.99
620.84
620.81
620.85
620.30
620.31
620.33
620.34
620.57
620.82
620.32
620.37
620.80
620.35
620.36
620.01
620.88
620.05
621.31
621.83
621.29
621.63
621.78
621.81
621.33
621.06
621.85
621.36
621.32
621.35
621.84
621.37
621.39
622.04
622.30
622.67
622.29
622.96
622.32
622.84
622.83
622.80
622.28
622.99
622.64
622.98
622.27
622.36
622.85
622.87
622.35
623.82
623.03
623.81
623.27
623.83
623.80
623.34
623.33
623.54
623.32
623.30
623.29
623.63
624.00
623.64
623.02
623.85
623.84
623.38
624.62
624.30
624.31
624.98
624.80
624.82
624.29
624.84
624.08
624.53
624.79
624.96
624.32
624.81
624.33
624.85
624.64
624.83
624.57
624.04
624.99
624.35
624.34
624.72
625.95
625.28
625.80
625.78
625.83
625.31
625.98
625.01
625.82
625.34
625.65
625.33
625.00
625.84
625.68
625.85
625.73
626.62
626.29
626.01
626.79
626.82
627.00
626.76
626.07
626.30
626.28
626.31
626.08
626.81
626.36
626.64
626.32
626.37
626.99
626.83
626.38
627.98
627.32
627.82
627.28
627.78
627.33
627.80
627.59
627.29
627.35
627.08
627.26
627.31
627.70
627.36
627.85
627.56
627.79
627.86
627.38
628.00
627.89
628.62
628.53
628.06
628.32
628.96
628.85
628.31
628.98
628.28
628.29
628.27
628.65
628.68
628.34
628.77
628.36
628.37
628.01
628.82
628.97
628.84
628.88
628.33
628.86
628.38
628.89
628.79
628.22
629.52
629.90
629.29
629.96
629.34
629.30
629.82
629.31
629.67
629.33
629.85
629.84
629.35
629.80
629.98
629.86
629.36
629.97
629.32
629.38
629.66
629.12
629.79
629.83
629.02
629.39
630.78
630.32
630.97
630.29
630.25
630.81
630.83
630.35
630.34
630.42
630.33
630.36
630.57
630.84
630.38
630.99
630.02
630.70
630.01
630.37
630.39
631.98
631.64
631.80
631.66
631.33
631.29
631.84
631.32
631.08
631.35
631.79
631.96
631.30
631.85
631.31
631.78
631.27
631.34
631.37
631.52
632.80
632.31
632.03
632.33
632.81
632.65
632.02
632.68
632.82
632.64
632.37
632.40
632.35
632.83
632.34
633.33
633.53
633.34
633.80
633.32
633.87
633.27
633.78
633.63
633.35
633.83
633.82
633.30
633.28
633.64
633.01
633.84
633.85
633.36
633.02
634.30
634.96
634.80
634.27
634.82
634.32
634.81
634.35
634.77
634.84
634.33
634.85
634.38
634.00
634.31
634.87
634.36
634.02
634.89
634.73
635.35
635.84
635.82
635.26
635.30
635.97
635.81
635.34
635.38
635.95
635.31
635.39
635.27
635.63
635.25
635.86
635.73
636.28
636.31
636.80
636.85
636.30
636.29
636.37
636.97
636.87
636.33
636.83
636.67
636.38
636.32
636.40
637.78
637.05
637.99
637.31
637.00
637.33
637.32
637.29
637.70
637.81
637.34
637.83
637.36
637.58
637.67
637.72
637.87
637.82
637.40
637.80
638.84
638.03
638.36
638.95
638.82
638.33
638.35
638.27
638.97
638.00
638.87
638.01
638.32
638.31
638.67
638.29
638.79
638.34
638.30
638.83
638.64
638.37
638.02
638.28
638.96
638.05
639.66
639.28
639.87
639.81
639.86
639.00
639.31
639.33
639.65
639.32
639.68
639.34
639.35
639.84
639.37
639.69
639.79
639.88
639.39
640.28
640.99
640.30
640.33
640.78
640.37
640.59
640.80
640.83
640.32
640.67
640.36
640.85
640.34
640.70
640.74
641.79
641.31
641.83
641.84
641.97
641.36
641.81
641.99
641.32
641.63
641.96
641.85
642.00
641.66
641.37
641.30
641.39
641.91
641.78
641.89
641.88
641.77
642.28
642.32
642.81
642.35
642.33
642.09
642.34
642.68
642.03
642.83
642.36
642.37
643.31
643.34
643.29
643.80
643.05
643.07
643.96
643.37
643.99
643.83
643.33
643.85
643.79
643.36
643.87
643.35
643.28
643.67
643.39
643.41
643.86
644.63
644.83
644.34
644.36
644.87
644.00
644.98
644.85
644.37
644.28
644.32
644.33
644.96
644.86
644.89
644.84
644.31
644.06
645.77
645.81
645.33
645.05
645.84
645.79
645.99
645.34
645.32
645.83
645.28
645.85
645.86
645.36
645.38
645.03
645.82
645.40
645.07
646.30
646.67
646.34
646.85
646.86
646.80
646.32
646.82
646.65
646.37
646.57
646.33
646.35
646.98
646.83
646.58
646.99
646.91
646.89
647.31
647.33
647.82
647.32
647.67
647.36
647.30
647.35
647.28
647.38
647.83
647.37
647.85
647.61
648.34
648.07
648.32
648.81
648.30
648.38
648.36
648.82
648.79
648.80
648.83
648.39
648.68
649.79
649.30
649.04
649.85
649.99
649.29
649.33
649.32
649.57
649.84
649.61
649.36
649.40
649.39
649.74
650.63
650.53
650.32
650.27
650.34
650.80
650.83
650.31
650.84
650.35
650.86
650.37
650.33
650.65
650.39
650.87
650.40
650.01
650.67
650.74
651.33
651.32
651.58
651.82
651.81
651.96
651.31
651.30
651.03
651.34
651.97
651.08
651.69
651.35
651.77
651.84
651.66
651.89
651.83
651.36
652.30
652.31
652.79
652.80
652.67
652.00
652.35
652.65
652.33
652.81
652.05
652.32
652.03
652.37
652.82
652.89
652.41
653.84
653.32
653.79
653.54
653.82
653.86
653.27
653.08
653.36
653.35
653.34
653.66
653.31
653.85
653.99
653.33
653.89
653.37
653.83
653.73
654.83
654.82
654.32
654.31
654.86
654.03
654.30
654.34
654.39
654.88
654.81
654.38
654.04
654.84
654.78
654.92
654.35
654.33
654.37
655.00
655.30
655.63
655.60
655.57
655.97
655.81
655.31
655.66
655.36
655.87
655.34
655.08
655.89
655.80
655.39
655.32
655.94
655.35
655.85
655.38
655.01
655.86
656.95
656.81
656.83
656.80
656.67
656.84
656.28
656.37
656.34
656.32
656.33
656.31
656.35
656.72
656.65
656.39
656.87
656.91
656.40
657.31
657.65
657.00
657.34
657.33
657.80
657.85
657.38
657.84
657.36
657.67
658.00
657.66
657.86
657.58
657.78
657.75
657.39
657.82
657.10
657.28
657.37
657.87
658.79
658.80
658.32
658.84
658.05
658.33
658.31
658.01
658.34
658.86
658.35
658.87
658.85
658.81
658.38
658.30
658.28
658.36
658.41
658.74
659.34
659.81
659.79
659.30
659.36
659.32
659.38
659.89
659.02
659.85
659.37
659.31
659.86
660.30
660.32
660.97
660.99
660.34
660.31
660.36
660.87
660.66
660.37
660.86
660.33
660.84
660.88
661.31
661.35
661.83
661.33
661.54
661.85
661.65
661.34
661.81
661.25
661.56
661.91
661.04
661.77
661.82
661.37
661.67
661.88
661.84
661.72
661.36
662.82
662.68
662.98
662.31
662.85
662.84
662.33
662.79
662.55
662.59
662.32
662.81
662.34
662.80
662.35
662.36
662.39
662.05
663.31
663.84
663.81
663.34
663.85
663.82
663.38
663.35
663.30
663.83
663.87
663.37
663.39
663.91
664.81
664.26
664.85
664.65
664.00
664.88
664.33
664.87
664.83
664.86
664.58
664.37
664.06
664.38
664.39
664.28
664.42
664.76
665.56
665.32
665.00
665.82
665.34
665.58
665.86
665.85
665.28
665.33
665.83
665.87
665.31
665.37
665.10
665.35
665.36
665.67
665.30
665.88
665.42
666.57
666.36
666.34
666.28
666.07
666.99
666.83
666.35
666.31
666.84
666.80
666.32
666.39
666.86
666.88
666.65
667.58
667.98
667.30
667.66
667.34
667.88
667.31
667.68
667.87
667.03
667.83
667.84
667.40
667.35
667.37
667.89
667.38
667.86
668.54
668.80
668.79
668.34
668.83
668.33
668.32
668.37
668.45
668.86
668.84
668.38
668.81
668.43
668.87
668.68
668.67
668.41
669.97
669.32
669.85
669.33
669.83
669.36
669.82
669.60
669.38
669.87
669.30
669.81
669.34
669.84
669.39
669.37
669.76
669.18
670.32
670.30
670.66
670.83
670.33
670.81
670.01
670.87
670.86
670.85
670.34
670.35
670.02
670.80
670.29
670.42
670.03
670.74
670.89
670.41
671.37
671.77
671.01
671.87
671.81
671.85
671.38
671.34
671.79
671.36
671.40
671.89
671.86
671.91
671.84
671.04
671.88
672.32
672.66
672.03
672.31
672.80
672.35
672.36
672.01
672.39
672.33
672.83
672.40
672.37
672.04
672.41
672.29
673.83
673.34
673.66
673.68
674.00
673.98
673.35
673.82
673.84
673.09
673.01
673.62
673.37
673.38
673.88
673.39
673.41
673.08
674.81
674.07
674.89
674.88
674.34
674.01
674.37
674.32
674.33
674.36
674.38
674.83
674.85
674.98
674.70
674.86
674.39
674.35
675.83
675.09
675.28
675.36
675.82
675.34
675.88
675.37
675.70
675.86
675.67
675.03
675.33
675.35
675.38
675.00
676.33
676.27
676.83
676.34
676.67
676.80
676.57
676.84
676.88
676.87
676.00
676.37
676.32
676.17
676.36
676.71
676.89
676.35
676.02
676.73
676.91
677.57
677.81
677.30
677.31
677.35
677.38
677.97
677.33
677.84
677.63
677.87
677.29
677.85
677.05
677.04
678.66
678.99
678.37
678.88
678.98
678.86
678.04
678.33
678.76
678.35
678.32
678.67
678.36
678.90
678.06
678.81
678.38
679.00
678.92
679.67
679.84
679.32
679.86
679.81
679.33
679.37
679.80
679.83
679.35
679.85
679.34
679.31
679.36
679.29
679.11
679.88
679.40
679.41
679.73
679.09
680.86
680.83
680.34
680.37
680.36
680.76
680.33
680.89
680.35
680.40
680.03
680.84
680.43
681.06
681.83
681.69
681.36
681.82
681.34
681.32
681.35
681.68
681.39
681.85
681.38
682.57
682.07
682.83
682.31
682.05
682.95
682.32
682.67
682.78
682.85
682.35
682.34
682.87
682.39
682.36
682.90
683.35
683.59
683.83
683.29
683.34
683.41
683.01
683.82
683.91
683.86
683.37
683.89
683.21
684.82
684.39
684.34
684.37
684.59
684.03
684.71
684.29
684.38
684.35
684.04
684.20
685.33
685.84
685.86
685.39
685.77
685.01
685.89
685.05
685.88
685.31
685.92
685.85
685.36
685.28
685.43
685.83
685.51
686.80
686.34
686.02
686.83
686.36
686.69
686.37
686.29
686.39
686.87
686.84
686.90
686.35
686.40
687.86
687.90
687.32
687.37
687.31
687.84
687.40
687.35
687.33
687.41
687.80
687.89
687.39
687.85
688.36
688.35
688.33
688.34
688.84
688.82
688.86
688.87
688.05
688.31
688.32
688.40
688.89
688.91
688.85
688.37
688.81
688.88
689.33
689.66
689.29
689.35
689.32
689.39
689.34
689.82
689.97
689.37
689.86
689.71
689.72
689.36
689.87
689.91
689.69
689.38
689.79
689.52
690.69
690.85
690.33
690.34
690.83
690.95
690.35
690.99
690.01
690.32
690.37
690.10
690.79
690.91
690.61
690.86
690.31
691.37
691.33
691.85
691.71
691.86
691.29
691.83
691.34
691.32
691.82
691.67
691.61
691.04
691.30
691.36
691.35
691.31
691.39
691.41
692.32
692.35
692.83
692.36
692.30
692.33
692.90
692.71
692.84
692.40
692.88
692.91
692.92
692.52
693.01
693.87
693.84
693.91
693.81
693.35
693.31
693.36
693.88
693.86
694.00
693.41
693.34
693.90
693.70
693.85
693.38
693.92
693.89
693.40
694.82
694.86
694.84
694.30
694.39
694.88
694.37
694.34
694.89
695.00
694.36
694.85
694.32
694.40
695.98
695.80
695.36
695.31
695.33
695.83
695.99
695.41
695.86
695.84
695.12
695.82
695.35
695.29
695.38
695.02
695.90
696.33
696.84
696.32
696.30
697.00
696.85
696.04
696.37
696.70
696.87
696.36
696.35
697.85
697.35
697.31
697.30
697.33
697.32
697.14
697.37
697.39
697.36
697.91
697.87
697.38
698.29
698.08
698.31
698.38
698.86
698.35
698.68
698.43
698.89
698.92
698.90
698.36
698.39
698.33
698.84
698.91
699.27
699.35
699.37
699.01
699.36
699.43
700.80
700.32
700.99
700.34
700.33
700.40
700.39
700.88
700.30
700.35
700.83
700.36
700.38
700.89
700.93
701.32
701.35
701.79
701.38
701.36
701.83
701.01
701.42
701.10
701.37
701.66
701.34
701.39
701.40
701.82
701.87
702.89
702.84
702.37
702.33
702.60
702.31
702.88
702.42
702.86
702.36
702.85
702.35
702.40
702.03
702.10
702.83
702.70
702.87
702.82
702.38
702.34
703.63
703.33
703.37
703.84
703.34
703.36
703.39
703.35
703.38
703.86
703.87
703.05
704.83
704.85
704.84
704.34
704.61
704.33
704.35
704.38
704.90
704.40
704.88
704.97
704.36
704.91
704.37
704.03
704.41
704.39
705.32
706.00
705.34
705.36
705.03
705.30
705.86
705.37
705.69
705.83
705.85
705.38
705.35
705.67
705.31
705.92
706.33
706.99
706.32
706.34
706.70
706.84
706.39
706.93
706.36
706.90
706.41
706.83
706.86
706.38
706.37
706.40
706.35
706.91
706.89
707.86
707.85
707.33
707.34
707.75
707.41
707.38
707.37
707.87
707.32
707.91
707.11
707.82
707.36
707.42
707.88
707.54
707.21
708.83
708.32
708.33
708.85
708.87
708.37
708.86
708.36
708.35
708.39
708.79
708.34
708.38
708.11
709.00
708.88
708.69
708.40
709.84
709.35
709.33
709.86
709.98
709.34
709.73
709.70
709.06
709.04
709.37
709.90
709.38
709.88
709.36
709.45
709.39
710.84
710.32
710.39
710.85
710.37
710.72
710.34
710.86
710.87
710.62
710.36
710.35
710.38
710.04
710.45
710.74
710.40
711.85
711.88
711.83
711.82
711.31
711.10
711.84
711.34
711.38
711.04
711.33
711.06
711.36
711.81
711.86
711.08
711.35
711.07
711.91
712.67
712.82
712.84
712.29
712.02
712.36
712.85
712.39
712.34
712.31
712.90
712.86
712.41
712.42
712.35
712.88
712.43
712.45
713.81
713.37
713.38
713.01
713.88
713.41
713.83
713.36
713.31
713.72
713.86
713.39
713.42
713.90
713.02
713.89
714.09
714.34
714.32
714.87
714.33
714.37
714.40
714.29
714.03
714.61
714.89
714.81
714.41
714.43
715.84
715.83
715.37
715.34
715.85
715.86
715.87
715.39
715.40
715.33
715.36
715.75
715.42
715.90
715.41
716.85
716.36
716.86
716.35
716.38
716.34
716.66
716.84
716.42
716.07
716.02
716.40
716.44
716.41
716.39
717.35
717.32
717.38
717.69
717.67
717.37
717.86
717.39
717.40
717.88
718.81
718.34
718.28
718.85
718.35
718.73
718.36
718.84
718.37
718.41
718.38
718.90
718.83
718.33
718.40
718.88
719.78
719.84
719.90
719.39
719.98
719.38
719.87
719.34
719.37
719.72
719.33
719.68
719.43
719.85
719.31
719.40
719.36
719.83
720.88
720.84
720.34
720.38
720.40
720.39
720.93
720.85
720.90
720.35
720.43
720.87
720.36
720.86
720.89
720.37
721.35
721.82
721.68
721.37
721.03
721.87
721.32
721.89
721.39
721.33
721.38
721.92
722.40
722.78
722.28
722.86
722.84
722.39
722.36
722.37
722.34
722.82
722.87
722.35
722.10
722.89
722.09
722.38
722.88
722.32
722.06
722.90
722.41
722.29
722.42
722.80
723.34
723.04
723.35
723.37
723.85
723.36
723.31
723.68
723.38
723.08
723.91
723.44
724.33
724.67
724.32
724.28
724.84
724.35
724.87
724.39
724.02
724.85
724.64
724.86
724.69
724.43
724.37
724.45
724.40
724.71
724.91
725.35
725.31
725.86
725.81
725.79
725.33
725.36
725.42
725.38
725.34
725.82
725.04
725.84
725.32
725.80
725.37
725.01
725.89
725.40
725.39
725.88
725.83
726.37
726.89
726.35
726.39
726.85
726.33
726.80
726.41
726.04
726.38
726.72
726.05
726.87
727.65
727.33
727.07
727.35
727.34
727.70
727.01
727.40
727.37
727.74
727.79
727.39
727.88
727.89
727.92
727.84
727.10
728.35
728.33
728.37
728.83
728.39
728.87
728.34
728.43
728.04
728.73
728.05
728.76
728.41
728.89
729.81
729.88
729.35
729.89
729.38
729.32
729.42
729.34
729.90
729.08
729.91
729.86
729.45
729.44
729.36
729.39
730.86
730.34
730.66
730.35
730.83
730.88
730.37
730.38
730.89
730.09
730.40
730.36
730.87
730.42
730.07
731.34
731.68
731.84
731.42
731.89
731.86
731.41
731.82
731.36
731.39
731.37
731.35
731.97
731.38
731.93
732.70
732.36
732.37
732.35
732.91
732.38
732.29
732.86
732.39
732.40
732.31
733.00
732.43
732.87
733.85
733.37
733.34
733.35
733.39
733.36
733.86
733.33
733.41
733.91
733.38
733.89
733.72
733.44
733.88
733.40
733.08
733.43
734.02
734.32
734.60
734.07
734.86
734.85
734.84
734.41
734.35
734.37
734.91
734.44
734.39
734.42
735.65
735.70
735.36
735.38
735.91
735.32
735.37
735.40
735.81
735.88
735.89
735.39
735.90
735.09
735.35
735.85
736.37
736.11
736.85
736.34
736.36
736.39
736.28
736.89
736.69
736.86
736.82
736.87
736.41
736.68
736.31
736.83
736.33
736.43
737.84
737.36
737.10
737.35
737.34
737.37
737.39
737.86
737.33
737.08
737.71
737.42
738.61
738.84
738.33
738.37
738.35
738.36
738.04
738.87
738.38
738.91
738.86
738.92
738.90
738.75
738.34
738.39
739.34
739.85
739.78
739.32
739.36
739.86
739.38
739.88
739.37
739.87
739.42
739.90
740.06
740.69
740.36
740.35
740.83
740.37
740.39
740.43
740.88
741.32
741.86
741.33
741.84
741.85
741.36
741.38
741.62
741.98
741.02
741.88
741.61
741.42
741.91
741.89
741.74
741.39
741.04
741.34
742.99
742.36
742.87
742.35
742.37
742.31
742.41
742.78
742.38
742.39
742.42
742.82
742.34
742.47
743.33
743.85
743.38
743.84
743.82
743.34
743.91
743.73
743.28
743.39
743.43
743.88
743.74
743.69
743.81
743.87
743.72
743.40
743.89
744.39
744.29
744.00
744.85
744.44
744.34
744.38
744.36
744.35
744.72
744.43
744.40
744.06
744.93
744.87
744.86
744.96
744.37
745.37
745.88
745.34
745.39
745.86
745.05
745.87
745.41
745.42
745.40
745.31
745.92
745.35
746.36
746.84
746.72
746.35
746.40
746.81
746.03
746.82
746.41
746.42
747.85
747.35
747.87
747.39
747.37
747.90
747.38
747.41
747.36
747.89
747.88
747.44
748.92
748.33
748.36
748.37
748.87
748.38
748.39
748.74
748.86
748.44
748.04
748.91
748.45
749.42
749.87
749.35
749.89
749.62
749.38
749.91
749.34
749.86
749.37
749.33
749.81
749.09
749.36
749.83
749.44
749.39
749.13
749.66
749.95
749.69
749.93
749.88
750.38
750.85
750.83
750.33
750.03
750.39
750.89
750.92
750.37
750.42
750.90
750.40
750.91
750.43
750.41
750.87
751.87
751.11
751.40
751.89
751.38
751.80
751.37
751.34
751.91
751.36
751.65
751.97
751.84
751.41
751.42
752.39
752.86
752.40
752.35
752.37
752.38
752.42
752.87
752.90
752.08
752.41
752.91
752.85
752.43
752.33
753.85
753.69
753.34
753.40
753.38
753.92
753.35
753.88
753.45
753.41
753.89
753.26
753.93
753.47
754.30
754.89
754.37
754.86
754.36
754.41
754.83
754.38
754.33
754.32
754.39
754.10
754.45
754.90
754.76
754.88
755.70
755.35
755.69
755.39
755.85
755.42
755.87
755.37
755.88
755.41
755.36
755.67
755.05
755.92
755.89
755.44
755.06
755.94
756.12
756.37
756.39
756.88
756.89
756.36
756.81
756.94
756.08
756.91
756.38
756.35
756.05
756.87
756.40
757.41
757.04
757.08
757.36
757.38
757.37
757.90
757.39
757.93
757.44
757.87
757.84
758.37
758.34
758.36
758.91
758.85
758.39
758.90
758.88
758.33
758.89
758.84
758.40
758.76
758.83
758.41
759.33
759.42
759.85
759.43
759.39
759.93
759.38
759.04
759.90
759.37
759.41
759.77
760.35
760.37
760.29
760.36
760.39
760.40
760.91
760.87
760.89
760.72
760.09
760.34
760.88
760.43
761.90
761.84
761.36
761.37
761.34
761.38
761.39
761.86
761.33
762.02
762.84
762.31
762.88
762.41
762.36
762.38
762.42
762.86
762.37
762.40
762.93
762.91
762.28
763.34
763.63
763.40
763.38
763.31
763.86
763.36
763.88
763.39
763.47
763.42
764.39
764.88
764.38
764.40
764.83
764.35
764.00
764.90
764.44
764.42
764.93
764.94
764.06
765.83
765.71
765.87
765.88
765.36
765.41
765.38
765.86
765.85
765.65
765.89
765.97
765.43
766.04
766.37
766.85
766.35
766.88
766.38
766.36
766.32
766.89
766.41
766.72
766.06
766.83
766.86
766.40
766.96
766.39
766.43
766.67
767.38
767.34
767.36
767.41
767.89
767.39
767.43
767.44
767.88
767.65
767.95
767.40
767.87
767.46
768.34
768.38
768.88
768.41
768.89
768.94
768.37
768.90
768.39
768.36
768.43
768.86
768.49
768.00
768.85
769.07
769.32
769.87
769.40
769.41
769.38
769.90
769.85
769.96
769.43
769.93
770.86
770.40
770.44
770.38
770.13
770.88
770.34
770.33
770.02
770.90
770.92
770.41
770.36
771.89
771.38
771.90
771.37
771.94
771.36
771.84
771.92
771.41
771.86
771.93
771.42
771.11
772.38
772.87
772.39
772.90
772.42
772.41
772.85
772.33
772.40
772.08
772.37
773.38
773.89
773.44
773.40
773.46
774.37
774.85
774.38
774.39
774.42
774.29
774.87
774.45
774.81
774.41
774.95
774.91
775.39
775.40
775.38
775.42
775.86
775.72
775.41
775.37
775.45
775.44
775.56
775.88
775.92
776.89
776.71
776.90
776.41
776.85
776.35
776.91
776.09
776.84
776.40
776.39
776.42
776.36
776.45
776.38
776.10
776.37
776.58
777.37
777.40
777.38
777.94
777.34
777.36
777.39
777.41
777.42
777.91
777.45
778.33
778.13
778.71
778.38
778.40
778.41
778.88
778.37
778.36
778.35
778.43
778.46
778.23
779.36
779.89
779.40
779.78
779.49
779.90
779.79
779.91
779.08
779.41
779.23
780.36
780.35
780.89
780.72
780.94
780.33
780.06
780.90
780.93
780.39
780.42
780.32
780.40
780.75
780.87
780.37
780.44
780.92
780.23
781.91
781.37
781.39
781.90
781.36
781.89
781.43
781.93
782.86
782.41
782.37
782.90
782.44
782.40
782.42
782.39
782.45
783.83
783.90
783.89
783.36
783.88
783.38
783.39
783.42
783.95
783.96
783.92
783.93
783.35
784.39
784.70
784.85
784.88
784.92
784.89
784.41
784.40
784.84
784.90
784.38
784.45
785.89
785.71
785.04
785.40
785.37
785.38
785.88
785.48
785.44
785.39
785.94
785.93
786.31
786.40
786.34
786.88
786.17
786.37
786.90
786.91
786.44
786.43
786.92
786.46
786.41
786.47
787.35
787.12
787.37
787.38
787.85
787.39
787.86
787.44
787.90
787.41
787.42
787.92
787.01
787.89
787.81
787.40
788.93
788.89
788.38
788.42
788.14
788.40
788.91
788.43
789.04
789.87
789.39
789.85
789.84
789.88
789.37
789.06
789.99
789.41
789.93
789.75
789.45
789.95
789.40
790.40
790.86
790.39
790.36
790.41
790.91
790.14
790.97
790.72
790.92
791.38
791.43
791.36
791.34
791.87
791.14
791.41
791.39
791.85
791.40
791.06
791.37
791.42
791.66
791.94
791.89
792.91
792.35
792.86
792.40
792.15
792.89
792.46
792.39
792.44
792.45
792.80
792.06
793.89
793.37
793.38
793.41
793.91
793.35
793.44
793.87
793.36
793.40
793.45
793.47
793.42
794.37
794.85
794.08
794.07
794.92
794.43
794.39
794.38
794.40
794.41
794.15
794.42
794.90
795.84
795.87
795.35
795.89
795.39
795.41
795.03
795.40
795.92
795.93
795.44
795.46
795.47
796.34
796.39
796.38
796.37
796.33
796.93
796.42
796.91
796.76
797.40
797.37
797.88
797.91
797.65
797.39
797.84
797.04
797.38
797.83
797.43
797.90
797.89
798.88
798.36
798.40
798.37
798.34
798.38
798.95
798.86
798.87
798.92
798.47
799.36
799.68
799.94
799.89
799.40
799.38
799.42
799.39
799.71
799.21
800.38
800.33
800.91
800.84
800.36
800.41
800.92
800.37
800.88
800.87
800.44
800.39
800.46
800.34
800.94
800.10
801.39
801.85
801.38
801.44
801.42
801.08
801.43
801.01
801.45
801.96
801.90
802.39
802.38
802.40
802.91
802.41
802.36
802.45
802.37
802.72
802.92
802.09
803.84
803.12
803.38
803.63
803.05
803.40
803.43
803.41
803.90
803.87
803.49
803.88
804.35
804.38
804.88
804.95
804.40
804.36
804.37
804.75
804.42
804.72
804.92
804.39
804.43
804.89
804.48
805.05
805.87
805.86
805.39
805.32
805.38
805.85
805.37
805.41
805.45
805.49
805.36
806.39
806.91
806.42
806.04
806.84
806.99
806.37
806.40
806.61
806.06
806.38
806.07
806.43
806.01
806.44
806.46
806.88
806.45
806.34
807.88
807.40
807.39
807.42
807.38
807.86
807.34
807.37
807.43
807.41
807.45
807.96
808.87
808.30
808.39
808.43
808.41
808.85
808.88
808.44
808.93
808.42
808.91
808.74
808.94
808.45
808.46
808.92
809.39
809.05
809.87
809.41
809.37
809.89
809.90
809.44
809.40
809.94
809.71
809.95
809.38
810.85
810.40
810.45
810.42
810.06
810.41
810.37
810.92
811.37
811.87
811.40
811.41
811.88
811.39
811.38
811.83
811.49
811.93
811.45
811.43
811.44
811.42
812.01
812.41
812.87
812.45
812.92
812.94
812.86
812.95
812.42
813.91
813.03
813.37
813.08
813.85
813.41
813.88
813.93
813.38
813.44
813.40
813.10
814.44
814.36
814.89
814.43
814.77
814.94
814.41
814.40
814.97
814.92
815.42
815.33
815.92
815.44
815.84
815.08
815.35
815.41
815.90
815.43
815.74
815.45
815.91
816.41
816.91
816.38
816.71
816.37
816.89
816.02
816.44
816.42
816.47
817.40
817.41
817.45
817.92
817.42
817.44
817.93
818.94
818.88
818.87
818.93
818.43
818.76
818.38
818.44
818.42
818.45
818.97
818.37
819.00
818.50
818.21
819.37
819.72
819.90
819.38
819.40
819.91
819.70
819.88
819.93
819.89
819.39
819.41
819.42
819.10
819.99
819.47
819.97
819.53
819.03
820.40
820.65
820.38
820.96
820.39
820.95
820.36
820.87
820.68
820.91
820.97
820.47
820.42
820.94
820.99
821.87
821.40
821.85
821.39
821.41
821.43
821.86
821.94
821.91
821.95
821.44
821.46
822.80
822.86
822.41
822.39
822.95
822.92
822.42
822.38
822.44
822.34
822.43
822.45
822.94
823.42
823.43
823.41
823.93
823.91
823.38
823.40
823.44
824.90
824.42
824.37
824.40
824.36
824.86
824.91
824.41
824.44
824.92
824.94
824.39
824.45
824.95
825.92
825.36
825.95
825.89
825.40
825.45
825.43
825.16
825.91
825.86
825.42
825.35
825.41
826.88
826.39
826.40
826.36
826.97
826.47
826.17
826.45
826.42
826.43
826.95
827.29
827.85
827.42
827.34
827.75
827.62
827.38
827.08
827.52
828.38
828.87
828.37
828.94
828.86
828.49
828.45
828.44
828.92
828.41
828.96
828.91
828.88
829.38
829.86
829.42
829.95
829.09
829.89
829.94
829.48
829.41
829.47
829.49
829.14
830.91
830.88
830.42
830.41
830.03
830.89
830.45
830.46
830.38
830.02
830.40
830.48
831.66
831.45
831.40
831.90
831.89
831.93
831.43
831.41
831.44
831.94
831.74
831.98
832.07
832.39
832.88
832.42
832.92
832.44
832.94
832.47
832.91
832.33
832.36
832.43
832.41
833.37
833.87
833.91
833.89
833.92
833.45
833.93
833.41
833.44
833.88
833.39
833.90
833.42
833.70
833.06
833.09
833.47
833.49
833.71
834.88
834.76
834.39
834.89
834.96
834.95
834.92
834.94
834.47
834.93
834.44
835.41
835.91
835.82
835.92
835.07
835.39
835.95
835.42
835.45
835.35
835.44
836.38
836.73
836.78
836.43
836.42
836.90
836.06
836.91
836.48
836.45
836.97
836.95
836.89
837.78
837.41
837.38
837.93
837.91
837.44
837.89
837.83
837.17
837.39
837.97
837.42
837.94
837.99
837.48
838.40
838.39
838.94
838.08
838.37
838.96
838.89
838.43
838.93
838.92
838.46
838.42
839.86
839.41
839.65
839.89
839.40
839.90
839.44
839.96
839.43
839.99
839.39
839.50
840.39
840.89
840.88
840.42
840.41
840.87
840.93
840.40
840.79
840.45
840.44
841.93
841.39
841.94
841.44
841.08
841.90
841.86
841.88
842.43
842.06
842.89
842.39
842.35
842.90
842.68
842.38
842.95
842.98
842.44
842.92
842.46
842.58
843.41
843.40
843.45
843.05
843.95
843.83
844.39
844.04
844.94
844.38
844.89
844.43
844.41
844.44
844.95
844.09
845.00
844.45
845.91
845.88
845.41
845.90
845.44
845.70
845.42
845.99
845.93
846.38
846.93
846.33
846.94
846.46
846.42
846.44
846.47
846.88
846.40
846.45
846.34
847.39
847.90
847.88
847.93
847.45
847.40
847.86
847.92
847.42
847.46
847.99
847.12
847.43
847.44
848.92
848.35
848.86
848.42
848.02
848.01
848.38
848.39
848.91
848.95
848.11
848.49
848.43
848.46
849.43
849.39
849.42
849.44
849.40
849.41
850.89
850.90
850.86
850.36
850.64
850.40
850.94
850.47
850.84
850.92
850.87
850.43
850.39
850.93
850.46
851.37
851.93
851.40
851.43
851.39
851.89
851.42
851.95
851.45
851.44
851.64
851.46
851.47
852.42
852.92
852.45
852.38
852.75
853.00
852.89
852.43
852.47
852.94
853.64
853.91
853.92
853.45
853.39
853.50
853.40
853.93
853.87
854.71
854.40
854.92
854.43
854.42
854.38
854.36
854.39
854.96
855.42
855.43
855.92
855.45
855.93
855.35
855.41
855.90
855.10
855.98
855.25
855.66
856.86
856.38
856.90
856.65
856.37
856.45
856.91
856.42
856.39
856.44
856.14
856.41
856.47
856.40
856.10
856.96
856.43
857.08
857.09
857.89
857.93
857.92
857.97
857.43
857.41
857.44
857.39
857.96
857.99
857.94
857.66
858.97
858.94
858.46
858.42
858.40
858.44
858.45
858.93
858.47
859.89
859.41
859.88
859.38
859.09
859.90
859.92
859.87
859.96
859.93
859.35
859.44
860.43
860.44
860.38
860.91
860.41
860.97
860.49
860.46
860.85
860.94
860.42
861.34
861.18
861.43
861.42
861.41
861.93
861.74
861.88
861.99
861.46
861.52
862.86
862.11
862.09
862.45
862.10
862.46
863.04
863.43
863.42
863.93
863.46
863.91
863.96
863.48
864.38
864.90
864.68
864.45
864.41
864.96
864.07
864.44
864.40
864.43
864.94
864.00
864.76
864.97
865.42
865.39
865.40
865.92
865.69
865.97
865.44
865.41
865.47
865.46
865.35
865.10
866.40
866.92
866.43
866.41
866.39
866.44
866.45
866.94
867.45
867.39
867.42
867.43
867.72
867.90
867.91
867.95
867.37
867.46
867.80
868.91
868.37
868.41
868.92
868.90
868.39
868.45
868.03
868.36
869.97
869.91
869.95
869.04
869.46
869.48
869.45
869.99
869.94
869.40
869.50
870.45
870.87
870.43
870.42
870.10
871.44
871.39
871.43
871.42
871.91
871.45
871.49
871.94
871.47
872.44
872.96
872.42
872.90
872.46
872.49
872.02
872.43
872.99
872.39
872.93
872.88
873.76
873.41
873.90
873.42
873.75
873.40
873.09
873.94
873.46
873.70
873.43
873.97
874.93
874.88
874.44
874.45
874.73
874.46
874.91
875.87
875.43
875.13
875.49
875.94
875.95
875.88
875.44
875.41
876.94
876.43
876.88
876.11
876.45
877.00
876.92
876.42
876.49
876.39
876.05
877.45
877.46
877.48
877.92
877.93
877.43
877.47
878.94
878.48
878.34
878.42
878.47
878.90
878.97
878.41
878.95
879.40
879.94
879.42
879.90
879.44
879.39
879.43
879.99
879.95
879.96
879.89
879.02
879.45
880.44
880.37
880.89
880.43
880.94
880.39
880.46
880.45
880.49
880.42
880.01
880.96
880.88
880.97
880.62
881.43
881.42
881.88
881.97
881.91
881.46
881.44
881.50
881.48
881.41
882.96
882.93
882.37
882.44
882.51
882.94
882.41
882.77
882.43
883.42
883.87
883.41
883.45
883.46
883.97
883.36
883.93
883.88
883.11
884.15
884.40
884.87
884.92
884.85
884.89
884.45
884.94
884.75
884.99
884.90
884.44
884.98
884.47
884.43
885.88
885.38
885.40
885.44
885.01
885.43
885.48
885.46
885.02
885.37
886.93
886.94
886.49
886.92
886.95
886.96
886.75
886.80
887.91
887.42
887.48
887.43
887.89
887.38
887.45
887.93
887.14
888.41
888.92
888.70
888.14
888.96
888.40
888.97
888.89
888.95
888.44
888.49
888.48
888.45
889.43
889.40
889.93
889.94
889.00
889.46
889.90
889.95
889.45
890.96
890.97
890.52
890.44
890.47
890.40
890.41
891.11
891.45
891.46
891.98
891.13
891.43
891.48
891.86
892.00
891.41
892.39
892.07
892.48
892.95
892.49
892.52
893.92
893.94
893.91
893.43
893.48
893.87
893.98
893.38
894.46
894.45
894.92
894.95
894.96
894.47
894.44
894.38
894.89
894.88
895.43
895.94
895.05
895.44
895.41
895.49
895.51
895.47
895.93
895.48
895.99
896.94
896.41
896.96
896.79
896.40
896.95
896.01
896.53
897.08
897.91
897.39
897.95
897.90
897.44
897.92
897.89
897.41
897.99
897.47
898.45
898.93
898.43
898.94
898.49
898.03
898.40
898.95
898.91
898.86
898.36
899.92
899.41
899.43
899.94
899.44
899.93
899.50
899.99
899.97
899.96
900.40
900.47
900.96
900.90
900.14
900.79
900.99
900.49
901.96
901.94
901.89
901.43
901.45
901.97
901.90
901.38
902.85
902.43
902.92
902.14
902.95
902.41
902.45
902.47
903.38
903.47
903.01
903.88
903.45
903.49
903.43
903.44
903.74
904.42
904.36
904.44
904.45
904.99
904.46
904.41
904.47
904.40
905.41
905.92
905.14
905.94
905.46
905.97
906.41
906.93
906.89
906.50
906.46
906.39
906.66
906.48
906.92
906.75
906.98
906.40
906.88
906.87
906.14
907.95
907.98
907.43
907.40
907.45
907.51
908.87
908.41
908.45
908.40
908.93
908.99
908.44
909.00
909.09
909.77
909.94
909.96
909.48
909.47
909.49
910.43
910.93
910.95
910.01
910.39
910.94
910.92
910.48
910.42
910.41
910.99
910.44
910.47
910.45
910.91
911.39
911.42
911.93
911.41
911.44
911.43
911.45
911.46
911.40
911.53
912.43
912.44
912.94
912.41
913.00
912.91
912.45
912.75
912.97
913.48
913.09
913.47
913.39
913.19
913.96
913.49
913.50
913.46
914.93
914.46
914.95
914.49
914.42
914.40
914.48
914.03
914.45
915.20
915.95
915.44
915.45
915.39
915.47
915.90
916.94
916.90
916.95
916.49
916.99
916.97
916.86
917.42
917.39
917.20
917.97
917.74
917.91
917.77
917.37
917.45
917.96
918.40
918.45
918.96
918.98
918.95
918.41
919.39
919.89
919.41
919.44
919.11
919.45
919.99
919.95
919.97
919.47
920.88
920.96
920.45
920.13
920.48
920.47
920.95
920.97
920.51
920.46
921.42
921.43
921.48
921.45
921.97
921.92
921.90
921.47
921.01
922.40
922.47
922.03
923.90
923.95
923.47
923.98
923.93
924.98
924.45
924.94
924.95
924.01
924.51
925.96
925.93
925.94
925.45
925.92
925.42
925.48
925.77
925.43
926.40
926.42
926.18
926.89
926.96
926.48
926.99
926.45
926.94
926.43
926.01
927.48
927.13
927.95
927.45
927.40
928.43
928.41
928.44
928.93
928.46
928.85
928.51
928.49
929.42
929.47
929.90
929.38
929.67
929.48
929.51
930.44
930.99
930.45
930.47
930.52
930.50
931.41
931.94
931.44
931.50
931.96
932.91
932.98
932.46
932.45
933.44
933.51
933.98
933.97
933.91
933.42
933.52
933.49
933.46
934.93
934.49
934.95
934.50
934.46
934.44
934.42
934.43
935.42
935.37
935.99
935.49
935.46
935.39
935.98
935.91
936.45
936.37
936.93
936.46
936.42
936.96
936.47
936.95
936.99
937.97
937.78
937.83
938.40
938.47
938.45
938.95
938.07
938.46
938.48
938.96
939.46
939.98
939.45
939.41
939.96
939.95
939.91
939.44
940.50
940.45
940.48
941.05
941.39
941.49
941.98
941.44
941.02
941.43
942.95
943.47
943.94
943.40
943.50
943.49
943.97
944.91
944.92
944.51
944.97
945.46
945.92
945.49
945.44
945.98
945.47
945.14
945.04
945.54
945.01
945.87
946.49
946.47
946.01
946.98
946.94
947.46
947.72
947.41
947.91
947.42
947.45
948.39
948.48
948.98
948.50
948.94
948.45
948.52
948.93
948.04
948.47
948.51
949.10
949.41
949.46
949.87
949.96
949.02
949.97
949.99
949.40
949.48
949.94
950.50
950.44
950.45
950.43
950.93
950.53
950.41
950.99
951.91
951.46
951.48
951.01
951.52
952.45
952.96
952.48
952.75
952.49
953.45
953.93
954.00
953.99
953.42
953.51
953.48
954.44
954.90
954.49
954.43
955.42
956.00
955.00
955.45
955.46
955.96
955.51
955.94
956.41
956.43
956.49
956.07
956.46
956.03
957.50
957.52
957.42
957.19
957.96
957.46
957.54
957.94
958.95
958.92
958.08
958.99
958.48
959.99
959.90
959.46
959.51
959.04
959.54
959.43
959.21
959.48
959.53
960.44
960.99
960.40
960.48
961.41
961.97
961.43
961.69
961.11
961.47
962.12
962.48
962.44
962.94
962.51
963.43
963.99
963.45
963.03
963.48
963.51
963.54
964.47
964.95
964.89
964.94
964.54
965.94
965.93
965.46
965.51
965.48
965.96
966.46
966.03
966.98
966.47
967.46
967.21
967.47
967.02
968.92
968.96
968.50
968.53
969.48
969.46
969.50
969.51
969.04
969.99
969.06
970.93
970.49
970.05
971.43
971.50
971.97
971.01
971.41
971.42
971.05
971.53
971.45
971.52
972.98
972.51
972.43
973.44
973.92
973.09
973.43
973.45
973.52
973.01
974.49
974.43
974.99
974.00
974.51
974.48
975.49
975.95
975.50
975.55
976.94
976.44
976.49
976.55
976.42
976.03
977.28
977.44
977.53
977.49
977.07
978.13
978.43
978.04
978.45
978.95
978.49
978.48
978.94
978.05
978.42
978.99
978.54
979.47
979.49
979.72
979.50
979.46
979.05
980.41
980.48
980.47
980.99
980.49
980.51
980.54
980.23
981.44
981.04
981.06
981.50
982.47
982.98
982.99
982.49
982.55
983.44
983.48
983.52
983.97
984.47
984.51
984.48
984.92
984.06
984.02
985.50
985.53
986.00
985.45
985.42
986.50
986.17
986.99
986.97
986.49
986.48
987.00
988.51
988.02
988.22
989.96
989.49
989.51
989.01
990.35
990.44
990.98
990.52
991.00
991.01
991.48
991.93
992.00
991.50
992.44
992.08
992.99
992.50
992.58
993.73
993.06
993.49
994.45
994.02
994.52
995.02
995.46
995.96
995.49
995.51
995.01
995.47
996.52
996.95
996.54
996.50
997.93
999.00
998.54
998.51
998.29
999.99
999.46
999.91
999.50
999.49
999.96
999.48
999.97
999.29
1000.42
1000.54
1000.00
1000.45
1000.51
1000.50
1000.96
1000.01
1000.88
1000.48
1000.29
1001.47
1001.46
1001.02
1001.52
1001.29
1002.51
1002.94
1003.97
1003.49
1003.07
1003.48
1003.99
1004.49
1004.96
1005.01
1005.73
1005.48
1005.76
1005.97
1005.06
1006.94
1006.45
1006.98
1006.06
1007.95
1007.53
1007.58
1008.96
1008.49
1008.50
1009.99
1009.54
1009.52
1010.51
1010.48
1010.50
1010.49
1010.02
1010.98
1011.77
1011.96
1011.47
1011.46
1011.90
1011.97
1011.56
1012.99
1013.48
1013.45
1013.99
1013.93
1014.46
1014.73
1014.04
1014.77
1014.57
1015.46
1015.94
1015.10
1015.93
1016.49
1016.90
1016.58
1016.01
1017.14
1017.46
1017.95
1017.57
1018.52
1018.55
1018.48
1018.06
1019.95
1019.49
1019.54
1019.09
1020.99
1020.00
1020.94
1020.50
1020.98
1020.77
1020.11
1021.94
1021.02
1021.51
1022.96
1022.51
1022.44
1023.01
1023.93
1024.94
1024.51
1025.44
1025.01
1025.43
1025.49
1026.48
1026.44
1026.02
1026.56
1026.58
1026.52
1027.98
1027.01
1027.99
1027.47
1027.02
1028.51
1028.92
1028.77
1028.56
1029.49
1029.77
1029.04
1030.25
1030.50
1030.94
1030.54
1030.56
1031.51
1032.42
1032.26
1032.98
1033.98
1033.49
1033.91
1033.01
1033.55
1034.53
1034.99
1034.16
1034.52
1034.50
1035.49
1035.99
1036.53
1036.44
1037.99
1038.41
1039.48
1040.97
1040.49
1040.47
1040.01
1040.48
1041.50
1041.99
1041.54
1041.86
1042.94
1042.43
1042.93
1042.97
1043.99
1043.78
1043.12
1044.54
1044.96
1044.55
1049.99
1050.52
1050.43
1050.93
1050.01
1050.47
1051.00
1051.85
1051.06
1051.99
1051.05
1052.54
1052.09
1052.51
1053.00
1053.95
1053.53
1053.02
1054.53
1055.08
1055.96
1055.54
1056.95
1056.03
1057.99
1057.94
1057.50
1057.02
1057.05
1058.48
1058.52
1058.19
1058.92
1058.57
1059.54
1059.98
1061.50
1061.53
1062.02
1062.08
1063.50
1063.49
1063.52
1063.18
1063.45
1064.05
1064.44
1065.79
1065.48
1065.51
1065.53
1066.57
1066.47
1066.09
1066.10
1067.52
1067.47
1068.05
1069.38
1069.50
1069.54
1070.51
1070.29
1071.50
1071.01
1071.09
1071.56
1072.62
1072.31
1073.79
1073.12
1073.01
1073.31
1074.00
1074.02
1074.57
1074.31
1075.54
1077.95
1077.09
1078.45
1079.02
1079.46
1079.56
1079.53
1079.57
1081.54
1081.48
1082.47
1082.03
1082.06
1083.13
1084.55
1084.10
1084.02
1085.03
1085.95
1085.51
1086.54
1086.13
1086.57
1087.01
1087.56
1088.45
1088.04
1088.07
1089.07
1089.61
1090.09
1090.95
1090.03
1090.49
1091.11
1091.06
1091.99
1091.49
1092.57
1093.94
1094.03
1096.98
1097.58
1097.59
1098.00
1098.98
1099.49
1100.89
1100.57
1101.22
1107.79
1107.61
1108.55
1109.50
1110.53
1111.48
1111.66
1112.03
1113.58
1115.50
1115.06
1116.04
1116.10
1116.86
1116.54
1119.00
1120.81
1120.55
1122.53
1122.60
1122.55
1124.54
1126.97
1128.52
1130.00
1129.97
1129.38
1131.51
1132.64
1135.06
1135.52
1135.86
1136.06
1136.03
1138.57
1140.56
1141.20
1142.57
1144.58
1147.26
1148.86
1148.85
1149.51
1151.49
1155.50
1157.88
1157.29
1162.09
1163.54
1163.69
1164.12
1165.85
1166.08
1168.93
1170.57
1170.12
1171.09
1176.07
1183.04
1184.48
1192.58
1192.48
1194.04
1199.07
1202.13
1206.57
1208.55
1208.54
1209.31
1209.51
1209.21
1214.06
1220.60
1221.84
1221.35
1222.52
1222.85
1222.35
1223.85
1223.34
1230.51
1231.04
1232.60
1234.24
1234.05
1244.53
1245.04
1246.61
1252.53
1256.13
1257.14
1257.64
1261.23
1263.52
1265.15
1265.65
1270.18
1271.52
1272.02
1272.19
1279.04
1287.63
1288.03
1300.07
1301.19
1302.04
1310.04
1315.39
1323.05
1325.58
1326.62
1327.55
1328.05
1328.55
1330.20
1336.56
1345.08
1349.54
1358.71
1369.12
1378.21
1384.54
1397.65
1427.51
1431.58
1465.11
1488.72
1489.58
1504.10
1504.02
1512.10
1690.13
