220.04
222.98
223.15
224.13
226.18
228.96
228.27
228.20
228.23
230.25
231.93
231.97
233.15
234.13
234.96
235.93
235.17
237.18
237.09
239.90
239.95
242.94
242.03
243.16
243.02
244.19
245.15
246.10
247.94
247.23
251.14
251.04
253.18
254.96
254.21
256.09
256.26
258.21
258.92
258.24
259.19
259.08
261.07
262.05
263.24
264.25
264.93
265.15
265.20
266.95
266.97
269.23
269.21
270.97
270.21
270.32
270.07
271.23
271.92
272.22
273.22
274.27
275.12
275.26
277.18
278.90
278.25
279.16
279.09
279.23
280.19
280.26
280.10
281.95
282.28
282.22
283.21
284.29
285.91
285.22
287.22
287.24
289.99
290.27
291.25
292.28
293.18
294.95
294.15
295.91
295.00
296.22
296.26
297.15
297.24
298.27
299.92
299.00
299.20
299.26
300.29
301.22
301.13
304.25
304.91
304.21
304.30
304.90
305.30
306.94
307.86
308.28
308.29
309.20
309.17
310.31
311.13
311.17
312.94
312.25
312.36
312.33
313.97
314.31
315.20
315.89
317.15
317.21
318.30
318.24
320.24
320.89
321.21
321.32
323.90
324.00
325.18
325.29
326.19
326.38
326.27
326.90
327.08
327.25
327.96
327.95
328.92
328.91
328.32
329.01
329.00
332.33
333.14
334.94
334.31
335.29
336.86
336.01
336.33
336.31
337.21
337.33
339.20
339.34
339.29
340.39
340.36
340.84
340.06
341.05
342.88
342.01
343.30
346.89
348.86
349.11
349.21
350.12
352.32
353.20
354.34
354.12
355.37
356.28
357.28
359.97
360.99
360.31
360.32
361.17
362.88
362.99
365.88
366.91
366.90
366.37
368.43
368.39
370.30
370.00
371.33
371.32
372.35
372.13
373.28
374.27
374.30
376.26
376.32
376.30
377.02
378.98
378.02
379.01
379.16
380.34
381.00
381.31
382.30
383.28
383.33
383.35
384.27
384.35
384.16
384.05
385.35
385.22
387.19
388.34
389.27
390.87
390.28
390.31
391.89
391.29
392.29
393.17
393.07
394.29
394.89
395.33
395.10
395.22
397.29
397.38
398.29
399.13
399.33
399.35
400.31
400.38
401.34
402.36
403.13
403.23
404.30
407.19
408.31
409.34
410.33
410.86
411.08
411.38
412.19
413.27
414.29
414.32
414.17
415.28
416.85
416.34
417.34
419.32
419.98
420.84
420.25
422.29
423.27
423.28
423.36
424.36
424.28
424.99
425.34
425.37
427.12
427.26
427.31
427.38
428.30
428.34
429.30
429.24
430.99
430.39
431.38
433.33
435.18
435.39
436.32
436.31
436.81
436.34
437.37
438.29
438.38
439.35
440.92
441.32
441.30
442.32
444.16
444.33
444.40
444.41
445.29
445.79
445.12
446.12
447.33
447.12
447.35
449.36
450.36
451.31
451.29
452.20
452.39
453.37
454.29
457.16
457.32
457.27
458.31
458.32
458.35
458.27
459.27
459.36
459.35
462.15
462.03
464.37
465.30
465.33
465.14
466.34
466.14
467.30
468.39
468.84
469.78
470.85
471.33
471.30
472.33
472.36
472.44
472.83
473.33
473.13
473.44
474.98
475.25
475.36
476.36
478.18
479.26
480.33
480.34
480.30
481.36
482.41
482.36
482.79
483.38
485.35
485.30
486.34
488.36
488.81
489.31
489.26
489.82
489.40
489.28
489.32
490.33
491.28
491.21
491.46
492.44
493.35
495.34
496.34
496.42
497.32
499.36
499.33
500.78
502.35
502.34
502.37
503.11
504.39
504.08
507.25
508.21
509.32
511.33
512.42
513.84
513.09
515.36
516.35
516.39
516.43
517.35
518.41
518.36
518.24
518.23
519.14
521.24
522.36
523.32
523.36
524.36
524.37
526.42
526.43
527.26
529.27
530.37
530.87
531.41
532.38
532.44
534.39
535.39
536.21
537.54
537.17
538.52
538.54
538.16
539.37
540.44
540.33
540.45
543.78
545.87
546.37
546.36
546.40
547.52
548.50
551.49
551.50
552.20
552.54
553.28
553.46
553.39
553.37
553.74
554.87
554.51
555.85
555.84
556.44
558.51
560.38
560.42
560.50
561.38
563.55
565.57
566.55
568.36
568.53
571.91
571.48
571.90
571.88
573.90
574.40
576.41
577.52
578.42
579.44
581.83
582.51
582.55
584.53
586.54
587.47
588.50
589.48
590.39
590.43
590.51
591.50
593.60
593.46
594.58
596.56
597.80
598.54
600.47
601.52
603.53
604.41
604.44
604.53
605.45
605.55
607.47
608.52
609.45
609.56
609.43
610.54
610.58
611.19
611.54
612.56
614.56
614.57
615.50
616.53
617.50
617.51
618.42
618.52
619.47
620.44
620.50
622.44
622.58
624.24
624.56
624.59
625.43
626.54
626.57
628.50
631.47
631.53
632.53
633.49
633.96
634.42
634.45
634.54
635.50
636.46
636.56
637.31
638.34
638.56
638.57
639.50
640.58
640.59
641.51
641.58
642.59
642.60
643.52
643.53
643.51
644.49
644.53
645.53
645.49
645.52
646.54
646.55
647.50
648.43
648.47
648.56
653.45
654.33
655.47
657.49
658.53
659.51
659.55
659.50
660.56
661.53
661.52
662.45
662.57
662.50
663.53
664.46
665.51
666.06
666.43
666.60
667.52
668.62
671.55
673.56
673.57
674.48
675.54
677.43
678.44
678.48
681.49
683.50
685.44
687.54
687.20
688.52
688.50
688.49
688.20
689.56
690.51
692.46
692.50
692.49
694.46
696.58
698.26
700.57
701.56
701.41
702.21
702.59
703.57
703.58
704.52
706.54
708.49
708.51
709.54
711.54
714.51
714.59
716.52
717.59
718.54
720.55
722.47
722.51
723.51
726.54
728.52
728.56
729.59
730.54
730.57
730.58
731.61
732.55
732.58
734.57
736.49
736.52
736.58
738.50
740.52
742.54
744.55
744.60
746.57
747.57
748.58
748.59
750.54
752.52
752.56
754.54
756.55
756.49
756.64
757.64
758.57
759.57
760.58
760.59
761.22
762.60
764.52
766.53
766.54
768.55
768.53
768.71
770.57
772.59
772.62
772.27
774.60
774.64
776.23
776.54
776.61
776.62
778.56
780.55
780.49
782.57
782.56
782.51
784.59
784.53
786.60
786.53
786.50
787.60
788.54
788.55
788.52
788.62
789.61
789.52
790.56
790.53
791.56
794.72
796.54
796.58
796.74
798.54
798.09
800.50
800.62
801.55
802.56
802.48
802.63
804.57
804.58
804.49
806.57
806.51
807.57
808.59
808.51
808.58
810.56
810.60
810.53
812.55
812.54
814.63
816.57
818.59
820.74
821.56
822.48
822.54
822.76
824.48
824.56
826.49
826.50
826.57
828.58
828.51
830.59
832.61
833.52
833.24
834.61
840.57
840.51
842.46
846.29
847.57
847.58
848.77
849.59
850.25
850.79
852.56
853.38
854.58
856.59
859.53
861.55
863.57
863.56
866.58
866.61
869.37
870.56
871.57
872.56
872.50
872.77
874.79
876.57
876.80
878.58
878.51
878.82
880.59
880.72
882.61
883.53
884.60
885.37
885.55
886.40
886.53
888.54
888.47
891.36
892.55
893.70
894.49
894.76
895.72
896.56
898.61
898.78
898.79
898.74
899.50
899.58
901.52
902.40
902.58
904.59
904.83
905.41
906.26
907.35
907.33
908.51
912.54
914.43
914.55
917.70
920.31
920.72
922.74
923.33
923.75
925.76
928.62
929.36
930.43
942.64
945.58
960.55
980.28
982.54
994.33
1055.30
