220.04
221.08
221.95
223.06
223.10
223.15
224.13
226.18
227.18
228.20
230.12
231.93
231.97
233.15
234.13
235.17
235.93
235.19
237.18
237.09
239.09
239.90
239.24
239.14
239.10
242.03
242.21
243.02
243.20
244.19
245.17
246.10
247.94
247.23
249.21
249.15
250.14
251.14
251.04
251.15
251.19
252.92
253.14
253.18
254.21
254.25
255.16
256.09
256.23
256.26
259.19
259.08
261.07
261.22
262.05
262.13
263.24
264.25
265.15
265.25
267.20
267.17
267.27
269.21
270.97
270.24
270.07
271.92
271.23
272.19
272.22
272.26
275.12
275.91
275.26
276.23
278.25
279.16
279.08
279.23
279.25
280.26
280.10
280.16
281.05
281.27
281.25
282.22
282.28
284.22
284.29
285.91
285.21
285.24
286.24
287.22
287.89
288.25
288.22
289.94
289.99
289.23
290.16
291.25
291.27
292.28
293.18
293.17
294.21
294.24
294.15
295.91
295.23
295.10
296.26
297.08
297.15
297.24
297.29
298.27
299.26
299.31
299.92
299.29
301.13
302.23
302.97
303.89
303.25
303.30
304.25
304.22
304.18
304.31
304.91
304.30
304.21
304.92
304.19
305.22
305.30
305.25
306.08
306.25
307.86
307.26
307.25
308.09
308.28
308.29
309.86
309.17
309.20
310.20
310.31
311.18
311.06
311.17
311.25
311.13
312.94
312.33
313.27
314.20
315.25
316.28
317.94
317.15
318.23
318.94
318.19
319.30
320.24
320.89
320.21
320.28
320.32
320.30
321.32
323.90
324.00
324.29
324.33
325.18
325.32
326.38
326.31
327.08
327.25
327.34
327.33
328.92
328.91
328.21
328.16
329.00
329.01
329.27
330.97
330.23
331.97
331.28
331.00
332.96
332.28
332.33
334.19
334.30
334.31
335.31
336.01
336.20
336.33
336.31
337.21
337.33
339.29
339.20
339.34
339.35
340.36
341.05
341.30
341.31
341.11
341.35
343.30
343.28
346.94
347.29
348.86
348.20
348.31
350.98
350.86
350.29
352.31
352.17
352.32
352.36
353.20
353.27
353.35
354.20
354.34
354.11
354.12
355.07
355.28
355.37
356.28
356.24
357.30
358.30
358.26
359.95
359.28
359.32
359.97
360.99
360.24
360.32
362.88
362.29
362.22
362.99
363.31
364.36
365.88
366.91
366.37
367.34
368.32
368.39
369.23
369.16
370.33
370.00
371.10
371.15
371.24
371.33
371.23
371.32
372.24
372.35
372.13
373.29
374.25
374.33
374.10
375.15
375.31
375.28
376.26
376.34
378.21
378.98
379.01
379.28
381.00
380.34
381.23
381.30
383.28
383.35
383.40
384.35
385.33
386.25
386.33
386.40
387.18
387.29
387.09
387.21
387.31
387.35
388.27
388.34
388.13
390.87
390.32
391.32
392.29
392.25
392.23
392.34
393.29
393.34
393.28
394.32
394.22
395.11
395.28
396.23
397.23
397.29
397.19
397.38
398.23
399.26
399.35
400.31
400.27
400.38
401.22
402.17
403.23
403.35
403.31
404.21
404.82
404.34
404.16
404.37
405.24
405.32
408.37
408.31
409.28
409.33
409.38
410.21
411.25
411.32
411.21
411.39
411.77
412.38
413.27
413.28
413.38
414.28
414.43
414.17
415.24
415.34
416.27
416.22
416.37
417.29
417.21
417.19
417.24
417.37
418.35
419.30
419.32
419.29
420.25
420.26
421.23
422.35
422.29
423.28
423.27
423.25
424.36
424.24
424.28
425.26
425.22
425.27
425.40
427.30
427.29
427.38
427.39
428.23
429.30
429.25
429.37
429.09
430.67
430.99
430.25
430.20
431.21
433.27
433.35
435.18
436.32
436.27
436.36
437.37
437.26
438.34
438.26
438.27
439.28
439.24
441.25
441.30
442.43
443.27
443.28
444.16
444.33
444.30
444.20
444.25
444.40
444.41
444.42
445.29
445.24
445.12
445.79
446.16
446.12
446.41
447.26
447.29
447.33
447.35
448.12
449.31
450.38
450.36
451.31
451.43
451.29
452.20
452.32
452.36
452.39
452.27
453.37
453.25
454.46
455.33
455.32
455.41
456.22
456.29
457.16
457.29
458.23
458.42
459.24
460.29
461.31
462.15
462.23
462.30
463.15
464.16
464.39
465.79
465.30
465.33
465.14
466.37
467.30
467.32
467.80
468.39
469.78
469.39
469.28
469.29
470.20
470.85
471.30
471.31
472.21
472.24
472.28
472.44
473.33
473.28
473.27
473.34
473.32
474.19
475.30
475.32
475.36
476.32
477.34
478.29
478.18
478.41
479.10
480.31
480.30
481.29
482.37
482.32
482.35
483.38
484.47
487.33
487.32
488.36
488.33
488.32
489.31
489.82
489.34
489.27
489.32
490.26
490.82
490.33
490.34
490.43
491.18
491.33
491.35
492.32
492.20
495.34
495.09
496.34
496.79
496.51
497.32
498.45
498.23
499.83
499.23
499.33
500.79
500.27
500.32
500.78
501.33
502.34
502.22
502.27
502.52
503.33
503.23
503.11
504.35
504.32
504.27
505.39
506.29
507.80
508.30
509.80
510.40
510.49
511.79
511.33
511.37
511.83
512.42
513.84
515.40
516.43
517.35
517.30
517.37
518.31
518.29
518.36
518.49
519.49
519.14
520.34
522.36
522.15
523.38
523.47
524.37
525.81
526.39
526.52
527.86
527.40
528.46
529.80
530.26
530.30
530.48
530.87
532.38
532.35
532.47
534.39
535.36
535.79
536.82
537.17
537.54
538.16
538.52
539.52
540.41
540.45
542.18
542.48
544.49
544.51
545.87
546.32
546.52
547.52
547.40
548.35
549.45
549.42
549.49
550.88
550.22
551.50
552.20
552.54
553.86
553.84
554.87
554.18
554.48
554.52
555.85
555.13
556.44
556.49
557.44
558.51
563.55
563.47
565.57
566.35
566.55
568.57
568.49
569.91
570.42
570.21
570.51
571.91
571.12
571.43
571.90
572.15
572.53
573.90
574.54
574.56
575.46
576.41
577.52
578.42
579.53
580.57
582.51
584.44
584.53
586.44
586.53
586.54
588.15
589.48
590.48
591.50
593.08
594.58
596.53
598.54
600.47
600.56
601.52
602.42
603.54
603.50
605.45
606.39
607.47
607.57
608.53
610.54
611.19
611.54
611.18
612.18
612.55
612.56
613.18
613.56
614.56
614.57
615.46
615.49
615.50
617.50
617.51
618.57
618.52
619.29
619.61
620.44
620.53
622.36
622.44
624.56
624.24
626.57
629.46
630.77
631.47
631.53
633.49
633.96
634.41
634.54
635.50
636.56
637.31
638.33
638.34
638.56
638.57
640.59
641.50
642.52
642.59
642.60
643.52
643.53
644.49
644.53
645.53
646.55
647.42
647.56
648.46
649.40
650.44
654.33
654.57
656.72
657.56
657.49
658.41
658.53
659.50
660.58
661.52
662.48
664.46
665.53
666.43
666.60
667.53
671.55
673.05
673.53
674.48
674.44
674.46
674.57
675.54
676.46
676.49
677.45
678.36
678.69
678.51
679.45
679.43
680.54
680.55
680.58
682.46
683.49
685.20
685.52
685.44
686.20
686.52
686.57
688.52
688.49
688.61
689.45
689.56
690.46
690.51
691.11
692.52
692.51
693.56
694.48
694.50
696.48
696.54
698.26
700.57
701.56
701.41
702.21
702.51
702.54
703.47
703.58
703.57
704.52
705.58
705.59
706.99
706.54
706.53
708.49
708.58
712.49
714.47
714.51
715.48
716.48
716.57
716.52
716.53
716.64
717.59
718.54
718.53
720.55
723.60
723.51
724.57
725.56
726.50
726.54
726.55
728.52
728.46
728.56
729.11
729.59
730.54
730.57
731.61
732.55
732.59
734.56
734.57
735.14
736.60
738.51
738.50
740.52
740.53
741.58
742.59
742.64
742.54
744.59
744.55
744.56
745.62
746.52
746.57
746.61
747.57
748.58
750.56
750.54
752.40
752.52
752.56
754.54
754.57
756.55
756.49
757.56
758.57
759.22
759.57
760.22
760.49
760.58
760.59
761.58
761.59
761.22
762.50
762.59
762.60
764.52
764.53
764.68
766.54
766.66
766.69
768.55
770.54
770.57
770.61
771.65
771.57
771.61
772.59
772.62
772.27
774.59
774.60
776.23
776.55
776.61
779.17
779.56
780.55
780.49
780.71
782.57
782.51
783.07
784.59
784.51
784.53
786.60
788.54
788.62
789.58
790.56
790.66
792.67
792.71
794.61
795.58
796.54
796.53
796.58
796.62
796.74
798.60
798.54
800.62
801.55
802.58
802.56
802.63
804.55
804.58
805.54
806.57
807.57
808.59
808.51
808.58
810.53
810.60
810.59
810.75
812.55
812.62
814.63
816.58
817.07
818.57
818.59
818.72
820.74
821.57
822.54
823.19
824.56
826.56
828.58
830.59
832.61
832.24
840.57
846.75
847.58
848.77
850.79
854.58
859.54
867.22
872.77
874.79
876.56
876.80
878.58
878.82
880.59
883.54
883.53
884.59
898.79
900.56
902.58
904.59
904.82
904.83
906.26
906.85
911.24
916.25
919.56
934.64
943.56
945.58
950.64
990.67
1006.66
1194.82
1210.82
1343.93
1484.07
1488.10
