220.04
221.08
221.15
222.08
223.10
223.99
223.06
224.13
228.20
229.14
231.93
232.15
233.16
234.13
235.17
235.93
235.21
237.18
237.09
237.19
239.90
239.10
242.03
242.93
243.02
243.21
244.19
246.10
247.94
247.23
248.96
249.21
251.13
251.15
253.18
256.09
258.92
258.90
259.19
261.07
262.05
264.25
264.94
265.15
266.23
267.17
268.85
269.10
269.23
269.21
271.92
271.23
274.87
275.12
275.26
276.22
279.16
279.08
280.26
280.10
280.91
281.05
281.14
282.22
282.28
284.22
284.33
284.30
285.21
285.91
285.15
287.22
287.89
288.22
289.99
289.23
291.25
291.23
292.28
293.18
294.15
295.10
296.26
296.88
297.08
297.24
298.35
299.26
299.92
300.06
302.23
304.25
304.30
304.31
304.19
305.22
305.25
306.25
307.86
307.25
308.28
309.20
310.31
311.17
311.93
311.13
312.94
312.33
315.89
317.94
317.15
318.23
318.94
320.24
320.89
320.87
321.25
321.32
323.90
324.29
325.19
325.18
326.92
326.89
327.29
327.90
328.92
328.91
328.16
329.00
329.01
330.92
331.97
331.00
332.96
332.91
332.92
334.96
335.86
336.86
336.33
336.84
337.33
338.86
339.20
339.34
340.39
340.36
342.88
342.86
347.95
348.86
348.90
350.98
351.19
352.31
352.32
353.19
354.34
354.41
355.88
355.32
355.37
355.07
359.95
360.99
362.88
362.99
364.87
365.89
366.91
366.37
369.30
369.34
370.00
371.10
371.32
372.35
374.25
374.36
374.10
376.26
376.30
377.02
378.98
379.01
381.00
383.36
384.35
384.36
386.22
387.18
387.19
388.13
389.11
390.87
390.28
391.29
391.12
392.29
393.07
394.29
394.87
395.37
397.33
401.30
403.23
404.21
404.82
404.22
410.87
410.85
411.39
413.27
413.38
414.17
416.89
417.27
419.32
420.25
420.84
423.31
424.28
427.38
427.81
429.24
429.09
430.25
431.19
432.86
433.25
435.18
436.32
436.82
437.37
439.29
444.40
444.41
445.29
445.12
445.41
446.12
447.14
447.35
447.12
448.35
448.12
448.83
449.36
450.36
451.81
452.20
452.28
455.79
455.25
456.29
457.27
462.15
463.15
465.79
465.33
465.14
466.18
467.30
467.35
468.85
469.78
469.33
470.85
471.29
471.30
473.13
474.27
478.18
478.84
479.24
480.16
480.31
484.87
485.28
485.30
488.30
489.31
489.32
489.15
490.33
493.31
494.81
495.22
496.79
497.32
498.79
500.79
500.85
501.25
502.78
503.11
505.39
506.25
507.80
507.27
508.58
509.80
511.80
511.79
511.33
511.87
513.84
515.79
516.82
518.30
518.36
519.14
520.34
522.36
522.15
523.25
525.81
527.86
527.82
529.81
530.36
530.90
530.87
535.80
536.61
537.17
537.62
537.54
538.16
538.52
538.54
542.21
545.87
550.88
550.87
552.20
553.84
553.86
553.75
554.87
554.18
555.85
564.64
565.57
568.78
569.24
569.91
571.91
572.15
573.90
576.48
577.84
584.75
584.53
590.49
592.68
593.44
593.08
593.81
593.16
596.45
597.80
605.45
610.47
611.19
611.47
611.18
612.18
612.47
612.56
613.56
615.42
615.91
617.38
617.50
617.51
624.24
626.46
628.48
630.77
631.40
631.47
632.43
633.43
633.49
633.96
636.56
637.31
637.44
638.57
640.59
641.51
643.52
644.43
645.53
646.45
646.54
649.41
649.39
649.45
651.40
654.33
655.45
656.72
657.34
657.49
658.72
659.29
659.50
661.52
665.36
667.37
667.52
668.35
673.41
673.56
675.26
675.54
680.41
681.30
683.49
685.20
685.44
690.51
697.36
698.26
700.32
701.56
701.41
702.21
703.57
703.58
704.56
705.58
705.59
706.54
716.52
717.59
718.54
723.51
725.56
728.56
728.57
729.59
730.57
730.58
731.61
732.55
732.58
732.59
734.57
740.52
740.53
741.53
742.54
744.55
744.56
746.56
746.61
746.57
747.57
748.62
750.54
750.55
752.56
752.57
753.59
754.58
754.57
756.49
758.57
758.61
759.22
759.57
759.61
760.22
760.59
761.59
762.59
762.60
764.52
766.54
766.52
767.58
768.53
769.56
770.61
770.56
770.55
772.62
774.60
774.54
774.64
776.23
776.56
780.49
782.57
782.51
782.61
784.59
784.53
786.60
788.54
788.61
788.52
788.62
790.56
790.52
790.51
792.53
794.61
796.62
796.55
798.60
798.54
801.55
802.48
804.49
804.58
806.57
806.49
808.59
808.58
810.53
810.60
812.54
812.53
814.51
817.55
822.48
822.54
824.56
826.57
828.58
830.60
830.49
832.24
850.25
850.50
874.79
876.80
897.73
900.56
902.58
904.83
907.26
922.74
924.27
924.75
931.64
999.29
