362.22
380.38
383.34
384.23
384.24
392.75
399.76
401.35
406.25
414.76
421.75
421.77
423.28
436.77
450.27
458.79
467.30
468.35
472.29
473.29
477.35
480.80
484.71
489.31
491.25
494.77
511.33
524.77
528.27
533.33
548.28
566.29
572.27
572.28
594.22
596.29
601.78
606.27
606.73
622.36
630.71
667.67
668.68
669.19
707.55
711.73
777.34
778.25
779.24
779.58
779.25
780.25
792.76
801.32
837.90
850.59
850.60
850.27
850.26
851.60
851.27
852.26
853.27
857.89
874.29
892.25
893.42
979.37
990.35
994.41
1000.31
1001.31
1069.38
1097.25
1147.35
1164.55
1206.88
1223.88
1223.37
1314.89
1320.63
1339.62
1378.27
1425.06
1433.56
1503.02
1628.11
1629.11
1658.99
1691.15
1753.53
