220.04
221.95
221.08
221.15
223.06
223.10
223.99
224.13
228.23
228.20
229.14
231.93
233.16
233.93
233.19
234.13
235.17
235.93
235.21
237.18
237.09
237.19
238.06
239.90
239.10
242.03
242.93
243.02
243.21
244.19
246.10
247.94
247.23
248.96
249.21
251.13
251.15
253.18
256.09
256.30
257.30
258.28
258.92
258.90
259.19
261.07
262.05
264.25
264.94
265.15
266.23
267.12
267.17
268.85
269.25
269.10
269.21
270.32
271.92
271.23
274.87
275.12
275.26
276.22
277.18
279.16
279.08
280.09
280.10
280.91
281.05
281.14
282.22
282.28
284.22
284.33
284.29
285.21
285.91
285.15
287.22
287.89
289.99
289.23
290.85
292.28
293.18
294.21
294.15
295.10
296.88
297.08
297.15
298.35
298.31
299.92
299.26
300.06
302.23
302.31
303.89
303.31
304.25
304.22
304.31
304.21
304.19
305.25
305.22
305.90
306.25
307.86
307.25
307.26
308.28
308.29
309.86
309.18
309.20
310.31
311.17
311.93
311.13
312.94
312.36
312.33
313.37
314.20
314.34
315.89
317.94
317.11
317.15
318.23
318.94
320.24
320.89
320.21
320.87
321.25
321.32
323.90
323.34
324.00
325.19
325.18
326.92
326.38
326.34
326.89
327.92
327.29
327.38
327.90
328.91
328.92
328.16
329.00
329.01
330.92
330.26
331.97
331.00
332.96
332.91
332.92
334.96
334.31
336.86
336.33
336.84
337.33
338.86
339.20
339.34
340.39
340.36
341.31
341.35
342.88
342.86
343.26
346.33
346.22
346.94
347.95
348.86
348.90
350.98
350.25
351.19
352.32
353.19
354.41
354.37
355.88
355.26
355.32
355.37
355.07
358.20
359.95
360.99
360.24
360.32
362.88
364.87
365.89
366.91
366.37
368.39
369.30
369.34
369.36
370.40
370.00
371.10
371.32
372.35
374.25
374.36
374.28
374.10
376.26
376.30
377.23
378.98
379.01
381.00
382.44
382.40
383.36
384.35
386.22
387.18
387.19
388.13
390.87
391.29
391.30
391.12
392.29
393.29
393.07
394.87
395.37
396.38
397.33
397.37
401.30
401.33
402.36
403.23
404.21
404.82
404.22
407.26
410.87
410.85
411.39
412.39
413.27
413.38
414.17
416.89
417.27
419.32
420.25
422.29
423.31
424.36
424.28
424.41
426.84
426.47
427.81
427.38
429.24
429.09
431.19
432.24
432.86
433.25
435.18
436.32
436.27
438.27
439.29
441.79
444.40
444.41
445.29
445.12
445.41
445.31
446.12
446.41
447.14
447.35
447.12
448.35
448.83
449.36
451.34
451.81
452.20
452.28
452.52
453.52
455.79
455.25
457.16
457.27
458.42
462.15
463.15
465.79
465.33
465.14
466.18
467.30
467.79
467.80
467.32
468.39
468.85
468.84
469.78
469.33
470.85
471.29
471.30
473.13
473.32
478.18
479.24
480.31
480.55
485.81
485.28
485.30
487.87
489.31
489.32
490.33
490.34
490.43
493.31
495.22
496.42
496.79
497.32
499.79
500.79
500.25
500.85
501.25
502.32
502.78
503.11
504.78
505.39
506.25
507.80
507.27
508.58
509.80
511.79
511.80
511.33
511.87
512.42
513.84
515.79
516.82
518.49
519.14
522.36
522.15
525.81
527.86
529.81
530.36
530.90
530.87
531.41
532.44
533.78
535.80
536.61
537.17
537.81
537.62
537.54
538.16
538.62
542.21
543.87
545.87
550.88
550.63
550.59
553.86
553.84
553.75
553.37
554.87
554.18
555.85
555.13
556.44
563.20
564.64
565.57
568.78
569.91
571.91
571.90
572.15
573.90
577.84
584.75
584.53
590.49
592.68
593.44
593.08
593.81
593.16
596.45
597.80
598.54
600.47
605.45
606.46
607.78
607.47
610.47
610.54
611.19
611.47
611.18
611.42
612.18
612.56
613.56
614.56
615.42
615.91
617.38
617.51
619.47
623.75
624.24
626.46
626.57
628.48
631.40
631.47
632.43
633.43
633.96
633.49
636.56
637.31
637.44
638.57
640.59
641.51
643.52
643.53
644.43
645.53
645.54
646.45
647.50
648.46
649.41
649.38
649.45
652.40
654.33
655.45
656.72
657.34
657.49
658.72
659.29
659.50
661.52
662.48
665.36
667.37
668.35
673.41
673.53
675.26
675.54
678.36
680.41
681.30
683.49
685.20
685.44
686.20
688.49
688.50
690.51
697.36
700.32
701.56
701.41
702.21
703.57
703.58
704.52
706.54
712.49
714.51
716.52
716.53
718.54
723.54
723.51
728.46
728.56
729.59
730.54
731.61
732.55
734.57
739.52
740.52
740.53
741.53
742.54
744.55
744.56
746.57
754.54
756.49
757.62
758.57
759.22
759.57
760.22
760.58
760.59
761.59
761.22
762.59
762.60
764.52
766.58
766.54
767.55
768.55
769.40
770.51
771.58
772.59
774.60
776.23
776.55
778.48
780.55
780.49
782.57
782.51
784.59
784.53
786.50
786.60
788.52
788.62
790.53
796.53
798.54
801.55
802.57
802.48
804.58
804.49
806.57
806.51
808.59
808.58
810.60
820.47
822.48
822.54
824.56
826.51
826.57
828.58
830.60
832.24
833.24
834.24
866.53
876.57
876.80
878.58
880.59
885.55
892.54
897.73
899.50
901.52
906.26
909.53
914.56
1290.63
