350.20
350.69
351.83
351.22
351.68
352.18
352.53
352.71
352.20
352.15
357.70
358.07
358.55
359.03
359.70
359.22
360.21
360.20
360.19
360.55
361.56
361.22
361.71
361.70
361.19
361.84
361.89
361.74
361.86
362.20
362.88
362.23
362.19
362.55
362.22
362.62
363.79
363.67
363.71
363.23
363.20
363.73
364.20
364.73
364.72
364.21
364.22
364.69
364.24
365.22
365.53
365.72
365.73
365.20
365.69
365.68
366.23
366.71
366.87
366.19
366.67
367.54
367.22
367.17
367.19
367.20
368.19
368.21
368.22
368.25
368.71
370.74
370.19
371.71
372.23
373.68
373.22
373.20
373.73
374.10
374.74
374.21
374.22
374.55
375.55
375.85
375.53
375.89
375.70
375.20
375.22
375.72
375.87
375.54
375.90
375.75
375.73
375.71
376.15
376.86
376.24
376.22
376.45
376.21
376.19
376.64
376.26
376.25
377.19
377.73
377.23
377.74
377.22
378.25
378.56
378.21
378.54
378.72
378.20
378.19
378.24
378.71
379.88
379.85
379.72
379.25
379.96
379.24
379.74
379.21
379.57
380.69
380.21
380.72
380.19
380.22
380.23
380.20
381.72
381.45
381.57
381.20
381.73
381.86
381.21
381.53
382.07
382.21
382.23
382.26
382.20
382.47
382.22
382.73
382.56
382.24
383.22
383.71
383.90
383.89
383.21
383.56
383.23
383.86
384.21
384.20
384.88
384.95
384.73
384.75
384.54
384.59
384.71
384.44
384.70
384.74
384.57
384.26
384.24
384.17
385.56
385.73
385.85
385.26
385.24
385.25
385.21
386.55
386.20
386.72
387.25
387.89
387.22
387.55
387.21
387.72
387.24
387.54
388.22
388.55
388.25
388.24
388.47
388.74
389.23
391.28
391.55
392.86
392.75
393.88
393.93
393.74
393.73
393.23
393.22
393.72
393.25
393.24
394.20
394.21
394.46
394.23
394.89
394.97
394.74
394.73
394.00
394.25
394.24
394.26
395.21
395.87
395.90
395.55
395.18
395.56
395.72
395.22
395.48
395.89
395.25
395.73
395.20
395.71
395.91
395.23
395.70
395.75
396.89
396.22
396.21
396.23
396.72
396.55
396.24
396.90
396.26
396.25
396.69
396.80
396.73
397.22
397.95
397.23
397.45
397.26
397.21
397.20
397.58
397.74
398.76
398.24
398.52
398.89
398.21
398.22
398.73
398.47
398.20
398.23
398.70
398.25
398.72
398.90
398.16
399.53
399.21
399.98
399.74
399.23
399.56
399.55
399.76
399.77
399.79
399.22
399.26
400.74
400.55
400.24
400.69
400.72
400.22
400.73
400.26
400.21
400.90
400.23
400.77
400.71
401.16
401.22
401.70
401.23
401.53
401.20
401.24
401.25
401.26
402.22
402.21
402.98
402.56
402.23
402.97
402.70
402.74
402.91
402.24
402.75
403.56
403.90
403.21
403.98
403.23
403.55
403.57
403.20
403.15
403.24
403.73
403.26
404.15
404.21
404.27
404.56
404.23
404.19
404.98
404.58
404.90
404.73
404.97
404.57
404.72
404.88
404.47
404.22
404.63
404.48
404.25
404.24
404.17
405.24
405.23
405.76
405.22
405.21
405.56
405.72
405.98
405.73
406.72
406.46
406.56
406.22
406.21
406.91
406.89
406.76
406.71
406.78
406.20
406.70
406.92
406.73
406.24
406.27
406.23
406.25
406.67
406.16
407.46
407.72
407.22
407.23
407.19
407.74
407.24
407.27
407.77
407.75
407.73
407.25
408.79
408.21
408.55
408.22
408.24
408.23
408.70
408.82
408.54
408.25
408.74
408.27
408.73
408.92
409.89
409.68
409.97
409.20
409.58
409.87
409.23
409.24
409.22
409.66
409.16
409.71
409.48
409.56
410.76
410.21
410.88
410.57
410.49
410.22
410.72
410.55
410.89
410.58
410.24
410.19
411.56
411.45
411.72
411.75
411.67
411.22
411.76
411.74
411.25
412.22
412.71
412.56
412.92
412.74
412.57
412.24
412.27
412.23
412.21
412.72
412.90
412.78
412.75
412.30
412.80
413.27
413.22
413.45
413.88
413.93
413.23
413.24
413.25
414.21
414.23
414.85
414.88
414.25
414.57
414.17
414.28
414.73
414.76
414.60
415.58
415.04
415.89
415.28
415.22
415.73
415.90
415.24
415.75
415.77
415.25
415.71
415.69
416.04
416.88
416.72
416.75
416.25
416.23
416.26
416.24
416.27
417.98
417.90
417.71
417.47
417.73
417.97
417.95
417.55
417.21
417.48
417.54
417.74
417.22
417.58
417.93
417.25
418.47
418.56
418.22
418.75
418.72
418.73
419.32
419.58
419.72
419.73
419.20
419.90
419.26
419.24
419.23
419.77
419.19
420.77
420.91
420.27
420.72
420.73
420.25
420.55
420.96
420.22
420.24
420.76
420.68
420.78
420.57
420.48
421.24
421.22
421.23
421.46
421.53
421.54
421.71
421.91
421.66
421.49
421.73
421.76
421.72
421.57
421.21
421.65
421.25
421.75
421.77
421.74
422.53
422.74
422.23
422.22
422.75
422.98
422.76
422.73
422.49
422.25
422.55
422.20
422.54
423.58
423.55
423.57
423.89
423.23
423.25
423.73
423.22
423.87
423.56
423.26
423.27
423.93
424.24
424.46
424.23
424.96
424.47
424.72
424.90
424.56
424.58
424.69
424.74
424.57
424.79
424.50
424.26
424.22
424.17
424.92
425.97
425.22
425.25
425.98
425.54
425.91
425.23
425.77
425.88
425.57
425.75
425.74
425.26
426.74
426.55
426.00
426.20
426.71
426.25
427.74
428.27
428.26
431.57
431.73
431.72
431.23
432.26
432.09
432.74
432.75
432.50
432.21
432.73
432.28
432.90
433.97
433.22
433.76
433.57
433.95
433.78
433.96
433.23
433.27
433.59
433.25
433.24
433.60
434.71
434.88
434.25
434.58
434.86
434.59
434.24
434.72
434.90
434.23
434.77
434.92
434.76
435.55
435.25
435.21
435.57
435.75
435.26
435.74
435.73
435.20
435.27
435.76
435.98
435.24
435.29
435.92
435.23
435.17
435.77
435.79
436.49
436.24
436.89
436.25
436.58
436.26
436.76
436.78
436.22
436.56
436.91
436.75
436.59
436.77
437.55
437.23
437.26
437.24
437.25
437.59
437.91
437.21
437.22
437.77
437.28
437.29
438.57
438.88
438.74
438.23
438.56
438.77
438.59
438.92
438.91
438.69
438.25
438.55
438.75
438.24
438.27
439.22
439.23
439.56
439.72
439.25
439.76
439.91
439.24
439.74
439.26
439.73
439.19
439.27
440.24
440.23
440.26
440.75
440.59
440.00
440.25
440.89
440.29
440.20
440.70
440.73
440.91
441.23
441.24
441.74
441.57
441.58
441.88
441.26
441.22
441.21
441.59
441.49
441.76
441.97
441.28
441.61
441.73
441.25
441.91
441.29
441.69
441.16
442.90
442.00
442.55
442.28
442.59
442.56
442.23
442.74
442.01
442.73
442.30
445.76
447.77
447.56
447.74
447.73
447.26
448.12
448.57
448.25
448.78
448.75
448.24
449.91
450.00
449.73
449.50
449.57
449.88
449.29
449.24
449.27
449.25
449.78
449.59
449.28
450.23
450.98
450.91
450.25
450.77
450.72
450.47
450.27
450.55
450.22
450.56
450.74
450.26
450.75
450.78
450.79
451.88
451.90
451.49
451.27
451.00
451.72
451.22
451.25
451.23
451.92
451.57
451.26
451.76
451.60
451.74
451.24
451.78
451.20
452.72
452.97
452.73
452.88
452.27
452.58
452.60
452.91
452.74
452.75
452.90
452.93
452.25
452.76
452.94
452.77
452.28
452.80
452.30
452.95
453.50
454.00
453.72
453.58
453.48
453.92
453.74
453.00
453.24
453.88
453.76
453.28
453.26
453.91
453.25
453.29
453.34
454.91
454.54
454.23
454.71
454.25
454.75
454.26
454.99
454.73
454.01
454.89
454.93
454.22
454.74
454.30
454.76
454.27
454.29
454.20
455.89
455.97
455.76
455.25
455.20
455.48
455.73
455.49
455.60
455.22
455.79
455.93
455.24
455.72
455.29
456.71
456.26
456.99
456.24
456.75
456.91
456.98
456.21
456.54
456.57
456.63
456.28
456.58
456.92
456.77
456.30
456.25
456.32
457.22
457.73
457.98
457.26
457.24
457.25
457.76
457.28
457.29
457.92
457.77
457.75
457.11
457.79
457.57
457.30
457.52
457.60
457.80
458.90
458.20
458.23
458.75
458.26
458.31
458.88
458.57
458.92
458.59
458.94
458.25
458.24
458.27
458.77
458.00
458.79
458.62
459.89
459.72
459.24
459.74
459.58
459.73
459.90
459.57
459.75
459.25
459.23
459.78
459.27
459.28
459.30
460.90
460.27
460.50
460.75
460.94
460.96
461.21
461.26
461.77
461.58
461.24
461.29
461.50
461.76
462.72
462.94
462.98
462.79
462.73
462.29
462.74
462.23
462.24
462.59
462.75
462.27
463.99
463.73
463.92
463.26
463.77
463.22
463.27
463.25
463.28
463.31
463.24
463.76
464.56
464.25
464.78
464.58
464.90
464.54
464.75
464.92
464.23
464.28
464.60
464.27
464.14
464.30
465.25
465.00
465.26
465.77
465.23
465.57
465.92
465.90
465.53
465.24
465.72
465.27
465.22
465.59
465.28
465.96
465.78
465.58
465.80
466.75
466.92
466.25
466.72
466.27
466.26
466.79
466.73
466.24
466.91
466.57
466.55
466.74
466.29
466.69
466.23
466.28
466.21
466.76
467.72
467.26
468.00
467.73
467.49
467.46
467.24
467.93
467.90
467.74
467.92
467.75
467.59
467.28
467.51
467.60
467.25
467.77
467.30
467.62
468.23
468.92
468.93
468.75
468.25
468.58
468.47
468.27
468.72
468.59
468.94
468.29
468.98
468.57
468.73
468.26
468.28
468.76
468.60
468.22
468.24
469.89
469.25
469.93
469.49
469.94
469.57
469.91
469.26
469.99
469.60
469.58
469.77
469.19
469.76
470.49
470.22
470.60
470.93
470.99
470.23
470.73
470.50
470.27
470.26
470.80
470.91
470.30
470.33
470.79
470.28
471.80
471.26
471.96
471.24
471.60
471.27
471.77
471.62
471.93
471.29
471.32
472.26
472.59
472.74
472.23
472.76
472.25
472.50
472.60
472.56
472.24
472.27
472.28
472.21
472.01
472.93
472.77
472.29
472.31
472.80
473.99
473.93
473.92
473.00
473.77
473.90
473.57
473.58
473.76
473.60
473.95
473.79
473.29
474.91
474.24
474.22
474.90
474.77
474.58
474.50
474.03
474.26
474.78
474.56
474.27
474.59
474.57
474.18
474.98
474.25
474.80
474.76
474.31
475.25
475.24
475.99
475.47
475.23
475.27
475.55
475.77
475.19
475.94
475.26
475.73
475.28
475.01
476.27
476.99
476.73
476.25
476.26
476.71
476.77
476.28
476.50
476.76
476.23
476.31
477.26
477.59
477.24
477.54
477.93
477.75
477.27
477.61
477.25
477.92
477.31
477.29
477.63
478.97
478.74
478.90
478.48
478.58
478.75
478.76
478.24
478.92
478.26
478.73
478.94
478.93
478.19
478.25
478.27
478.21
478.77
478.59
478.80
478.79
478.28
478.30
478.61
478.98
479.23
479.27
479.00
479.24
479.51
479.76
479.92
479.50
479.99
479.25
479.93
479.01
479.77
479.29
479.73
479.95
479.78
479.28
479.75
479.30
479.81
480.72
480.98
480.76
480.99
480.75
480.26
480.93
480.90
480.79
480.61
480.52
480.77
480.30
480.78
480.22
480.24
480.73
480.25
480.57
480.28
480.27
480.80
481.25
481.79
481.60
481.49
481.89
481.56
481.93
481.00
482.00
481.26
481.59
481.95
481.76
481.75
481.28
481.92
481.74
481.77
481.32
482.58
482.91
482.59
482.25
482.01
482.24
482.49
482.74
482.60
482.27
482.90
482.92
482.94
482.28
482.78
482.71
482.26
482.31
482.30
483.58
483.59
483.01
483.76
483.92
483.74
483.24
483.26
483.93
483.75
483.79
483.23
483.27
483.77
483.28
483.02
483.25
483.29
483.78
483.64
483.38
484.27
484.74
484.78
484.53
484.55
484.93
484.92
484.58
484.25
484.26
484.29
484.31
484.80
484.28
484.79
485.27
485.25
485.73
485.26
485.28
485.79
485.78
485.96
485.90
485.76
485.30
485.29
486.89
486.90
486.51
486.26
486.24
486.94
486.29
486.50
486.59
486.48
486.78
486.28
486.30
486.76
486.77
486.23
486.27
486.33
486.31
487.01
487.26
487.36
487.79
487.28
487.77
487.76
487.29
487.75
487.27
487.24
487.78
487.81
487.31
487.96
487.32
488.94
488.92
488.73
488.99
488.93
488.30
488.18
488.27
488.23
488.53
488.80
488.77
488.29
488.19
488.78
488.31
489.06
489.60
489.75
489.48
489.25
489.91
489.79
489.92
489.90
489.27
489.29
489.26
489.61
489.28
489.78
489.31
489.32
490.24
490.58
490.25
490.93
490.27
490.29
490.76
490.01
490.74
490.50
490.62
490.60
490.26
490.75
490.80
490.30
491.75
491.62
491.60
491.29
491.72
491.97
491.99
491.76
491.53
491.25
491.28
491.26
491.77
491.32
491.63
492.92
492.90
492.48
492.24
492.75
492.28
492.78
492.81
492.74
492.30
492.77
492.60
492.76
492.26
493.21
493.23
493.75
493.27
493.74
493.73
493.00
493.61
493.51
493.26
493.25
493.80
493.76
493.91
493.62
493.28
493.78
493.30
493.31
493.65
493.98
494.25
494.91
494.50
494.27
494.99
494.58
494.76
494.94
494.90
494.23
494.62
494.21
494.77
494.30
494.79
494.74
494.73
494.78
494.80
494.82
495.93
495.92
495.80
495.95
495.60
495.75
495.26
495.77
495.78
495.61
495.71
495.29
495.24
495.27
495.01
495.30
495.81
496.01
496.43
496.52
496.62
496.94
496.27
496.26
496.92
496.25
496.23
496.77
496.56
496.47
496.59
496.49
496.91
496.24
496.76
496.79
496.63
496.80
496.95
496.78
496.30
496.32
496.97
497.92
497.01
497.75
497.76
497.58
497.73
497.90
497.80
497.56
497.26
497.94
497.25
497.27
497.59
497.30
497.29
497.78
497.91
497.28
497.62
497.98
498.94
498.52
498.59
498.57
498.99
498.25
498.95
498.27
498.24
498.34
498.58
498.93
498.81
498.26
498.73
498.33
498.76
498.28
498.30
498.78
498.79
499.26
499.73
499.89
499.27
499.95
499.91
499.28
499.61
499.31
499.24
499.25
499.75
499.92
499.59
499.77
499.93
499.29
499.62
500.25
500.49
500.23
500.72
500.56
500.24
500.60
500.77
500.26
500.78
500.28
500.50
500.02
500.21
500.27
500.52
500.53
500.01
500.79
500.59
500.29
500.76
500.31
500.81
500.34
501.27
501.99
501.01
501.22
501.61
501.78
501.30
501.79
501.26
501.28
501.77
502.78
502.27
502.28
502.81
503.78
503.11
503.30
503.25
503.01
503.72
503.28
503.29
504.27
504.11
504.28
504.49
504.30
504.26
504.96
504.32
504.77
504.78
505.09
505.11
505.76
505.25
505.50
505.74
505.77
505.34
505.92
505.28
505.29
505.27
505.62
505.26
505.42
506.27
506.11
506.26
506.28
506.58
506.92
506.75
506.30
506.76
506.73
506.01
506.62
506.52
506.82
506.81
506.24
506.61
506.32
506.33
506.93
506.29
506.31
506.98
507.23
507.59
507.62
507.29
507.24
507.79
507.28
507.61
507.27
507.81
507.51
507.77
507.78
507.03
507.80
508.21
508.27
508.25
508.78
508.99
508.96
508.28
508.54
508.93
508.63
508.29
508.24
508.74
508.80
508.77
508.32
508.33
509.50
509.58
509.25
509.60
509.95
509.63
509.26
509.03
509.24
509.92
509.81
509.61
509.51
509.71
509.53
509.32
509.75
509.31
509.79
509.80
509.78
509.82
509.29
509.30
510.26
510.77
510.50
510.01
510.27
510.49
510.76
510.28
510.04
510.62
510.75
510.95
510.22
510.61
510.91
510.73
510.29
510.30
510.93
510.81
510.59
510.74
510.25
510.79
511.27
511.30
511.58
511.78
511.57
511.79
511.25
511.31
511.29
511.04
511.32
511.96
511.26
511.93
511.33
511.65
512.59
512.93
512.25
512.62
512.28
512.94
512.92
512.79
512.26
512.50
512.24
512.29
512.30
512.76
512.77
512.75
512.27
513.26
513.27
513.52
513.28
513.92
513.25
513.79
513.30
513.81
513.31
513.62
513.29
513.23
513.32
513.24
513.76
514.80
514.59
514.93
514.28
514.31
514.75
514.77
514.27
514.60
514.94
514.32
514.37
514.26
514.36
515.27
515.00
515.76
515.23
515.30
515.93
515.51
515.25
515.72
515.14
515.02
515.92
515.62
515.26
515.61
515.78
515.28
516.27
516.93
516.29
516.92
516.80
516.60
516.30
516.34
516.31
516.81
517.01
517.25
517.29
517.28
517.82
518.27
518.77
518.79
518.26
519.03
519.92
519.74
519.24
519.29
520.93
520.96
520.27
520.94
520.33
520.28
520.63
520.78
520.15
521.14
521.90
521.28
521.96
521.95
521.82
521.30
521.31
521.76
521.79
521.80
522.59
522.60
522.24
522.79
522.77
522.58
522.32
522.27
522.29
522.26
522.78
522.75
522.81
522.62
523.02
523.76
523.54
523.25
523.30
523.29
523.78
523.79
523.80
523.28
523.81
523.24
523.65
523.77
523.32
523.34
524.28
524.91
524.50
524.26
524.30
524.29
524.01
524.94
524.96
524.76
524.93
524.80
524.72
524.27
524.81
524.31
524.79
524.60
524.95
524.73
524.83
524.32
524.40
525.28
525.74
525.79
526.00
525.26
525.95
525.01
525.30
525.53
525.29
525.51
525.32
525.27
525.77
525.63
525.78
525.33
525.35
525.52
526.26
526.29
526.53
526.50
526.25
526.24
526.61
526.28
526.94
526.75
526.30
526.60
526.79
526.32
526.33
526.82
526.27
526.83
527.91
527.00
527.78
527.26
527.02
527.59
527.23
527.29
527.76
527.04
527.80
527.98
527.32
527.34
527.28
527.81
528.51
528.27
528.32
528.26
528.25
528.81
528.94
528.58
528.62
528.97
528.80
528.22
528.30
529.27
529.62
529.93
529.25
529.79
529.52
529.80
529.30
529.94
529.29
529.77
529.26
529.32
529.64
529.81
529.31
529.61
529.33
529.76
529.28
529.24
530.78
530.28
530.90
530.50
530.63
530.59
530.25
530.79
530.30
530.29
530.96
530.32
530.81
530.26
530.35
531.01
531.54
531.23
531.26
531.24
531.97
531.52
531.27
531.50
531.59
531.22
531.80
531.70
531.29
531.77
531.79
531.61
531.94
531.95
531.30
531.25
531.82
531.32
531.84
532.02
532.99
532.28
532.76
532.97
532.79
532.60
532.91
532.29
532.78
532.32
532.63
532.05
532.30
532.31
532.64
532.77
532.03
532.83
532.33
532.00
532.80
533.27
533.62
533.25
533.00
533.29
533.82
533.53
533.31
533.26
533.92
533.75
533.04
533.77
533.34
533.32
533.94
533.74
534.30
534.74
534.81
535.33
536.23
536.97
536.63
537.28
537.31
537.64
537.81
537.61
537.29
537.16
538.62
538.77
538.16
538.28
538.29
538.78
538.79
538.30
538.59
538.27
538.81
538.80
538.31
538.33
538.52
539.16
539.23
539.29
539.57
539.77
539.63
539.80
539.02
539.94
539.25
539.58
539.62
539.60
539.32
539.59
539.27
539.76
539.61
539.30
539.83
540.53
540.24
540.28
540.81
540.29
540.75
540.30
540.97
540.26
540.33
540.80
540.82
540.25
540.59
540.04
540.94
540.35
541.63
541.77
541.28
541.59
541.55
541.61
541.29
541.78
541.32
541.33
541.82
541.64
541.30
541.26
541.34
542.79
542.76
542.29
542.61
542.33
542.63
542.32
542.54
542.95
542.97
542.03
542.24
542.83
542.26
542.28
542.30
542.00
542.80
543.95
543.48
543.05
543.27
543.78
543.32
543.89
543.28
543.81
543.80
543.82
543.76
543.30
543.31
543.79
543.29
544.90
544.28
544.80
544.29
544.30
544.03
544.32
544.60
544.52
544.94
544.31
544.78
544.33
544.81
545.27
545.95
545.02
545.51
545.29
545.28
545.31
545.26
545.64
545.78
545.96
545.62
545.83
545.80
545.79
545.82
546.27
546.53
546.76
546.77
546.30
546.28
546.79
546.26
546.31
546.78
546.29
546.81
546.97
546.25
546.35
546.84
546.33
546.68
547.59
547.27
547.26
547.76
547.29
547.28
547.95
547.93
547.78
547.32
547.64
547.33
547.81
548.87
548.30
548.29
548.24
548.28
548.27
548.60
548.96
548.80
548.85
548.77
548.34
548.83
548.94
548.62
548.32
548.35
549.28
549.52
549.80
549.29
549.75
549.30
549.62
549.33
549.77
549.27
549.79
549.34
549.41
550.28
550.94
550.96
550.81
550.78
550.05
550.93
550.75
550.26
550.29
550.52
550.30
550.98
550.34
550.24
550.82
550.63
550.25
550.65
551.01
551.95
551.25
551.29
551.30
551.28
551.81
551.78
551.79
551.64
551.31
551.97
551.26
551.82
551.32
552.76
552.97
552.31
552.26
552.79
552.77
552.80
552.30
552.62
552.28
552.96
552.61
552.29
552.82
552.32
552.78
553.94
553.58
553.28
553.62
553.77
553.61
553.30
553.78
553.96
553.25
553.65
553.79
553.53
553.86
553.04
553.81
553.34
553.33
553.83
553.85
554.00
554.20
554.61
554.27
554.94
554.53
554.62
554.82
554.83
554.28
554.84
554.97
554.26
554.31
554.02
554.29
554.80
554.35
554.32
554.30
554.34
554.77
555.95
555.28
555.01
555.78
555.26
555.80
555.92
555.94
555.87
555.97
555.96
555.31
555.29
555.66
555.30
555.63
555.33
555.35
555.32
556.92
556.01
556.83
556.96
556.79
556.26
556.82
556.93
556.53
556.81
556.22
556.31
556.73
556.64
556.75
556.33
557.32
557.31
557.29
557.30
557.02
557.55
557.49
557.78
557.60
557.80
557.27
557.97
557.52
557.26
557.81
557.77
557.28
557.33
557.03
557.79
557.83
557.85
558.95
558.29
558.28
558.96
558.26
558.31
558.78
558.77
558.64
558.63
558.82
558.80
558.30
558.81
559.92
559.29
559.62
559.27
559.33
559.96
559.58
559.79
559.81
559.61
559.24
559.80
559.85
559.28
559.83
559.63
559.15
559.50
560.25
560.78
560.04
560.60
560.93
560.29
560.76
560.53
560.81
560.94
560.77
560.97
560.64
560.28
560.30
560.31
560.85
560.26
560.84
560.70
560.34
560.32
560.36
561.27
561.30
561.76
561.90
561.29
561.80
561.64
561.26
561.85
561.33
561.32
561.82
561.78
561.28
561.31
561.63
561.79
561.81
562.88
562.98
562.26
562.61
562.62
562.32
562.63
562.31
562.27
562.80
562.81
562.78
562.66
562.29
562.36
562.34
562.79
563.86
563.77
563.29
563.60
563.28
563.98
563.63
563.95
563.30
563.97
563.79
563.85
563.31
563.33
563.20
564.61
564.30
564.05
564.04
564.28
564.31
564.26
564.27
564.29
564.81
564.32
564.83
564.36
565.28
565.27
565.01
565.94
565.30
565.77
565.79
565.81
565.61
565.32
566.96
566.61
566.28
566.76
566.29
566.80
566.62
566.31
566.05
566.81
566.33
566.79
566.35
566.25
567.26
567.28
567.30
567.77
567.04
567.32
567.95
567.63
567.29
567.31
567.24
567.22
567.60
567.97
567.65
567.81
567.83
567.84
567.33
567.79
567.75
567.85
568.94
568.52
568.65
568.30
568.03
568.54
568.64
568.79
568.56
568.59
568.32
568.28
568.63
568.82
568.62
568.25
568.84
568.74
568.31
568.33
568.85
568.34
569.25
569.94
569.98
569.62
569.93
569.99
569.52
569.30
569.77
569.80
569.78
569.27
569.33
569.29
569.35
570.61
570.65
570.74
570.82
570.04
570.60
570.95
570.29
570.28
570.94
570.30
570.01
570.81
570.33
570.31
570.78
570.36
570.80
570.27
570.35
570.83
570.69
571.31
571.05
571.29
571.03
571.30
571.63
571.83
571.67
571.33
571.79
571.77
571.04
571.86
571.32
571.97
571.35
572.77
572.30
572.04
572.27
572.29
572.96
572.63
572.64
572.81
572.94
572.80
572.83
572.79
572.32
572.82
572.31
572.33
573.78
573.94
573.26
573.80
573.29
573.61
573.31
573.04
573.79
573.28
573.98
573.32
573.96
573.33
573.30
573.36
574.00
573.25
573.82
573.27
573.85
574.63
574.78
574.79
574.53
574.28
574.96
574.80
574.26
574.29
574.31
574.34
574.81
574.30
574.36
574.38
575.26
575.33
575.27
575.61
575.79
575.03
575.95
575.80
575.82
575.21
575.81
575.29
575.05
575.32
575.28
575.84
575.37
575.35
575.86
576.97
576.28
576.31
576.29
576.78
576.67
576.33
576.95
576.81
576.32
576.80
576.36
577.13
577.86
577.79
577.31
577.30
577.33
577.99
577.28
577.65
577.32
577.77
577.84
577.35
577.37
578.04
578.30
578.78
578.82
578.74
578.53
578.83
578.63
578.32
578.34
578.91
578.28
578.77
579.54
579.29
579.92
579.76
579.63
579.31
579.33
579.28
579.35
579.04
579.05
579.32
579.77
580.56
580.28
580.96
580.78
580.34
580.98
580.31
580.52
580.62
580.26
580.77
580.30
580.82
580.63
580.35
580.32
580.29
580.79
581.65
581.30
581.26
581.78
581.29
581.96
581.83
581.98
581.75
581.97
581.63
581.31
581.27
581.33
581.34
581.32
581.70
582.27
582.54
582.82
582.77
582.83
582.29
582.32
582.31
582.80
582.96
582.33
582.30
582.35
582.85
583.78
583.31
583.97
583.60
583.28
583.04
583.82
583.30
583.80
584.00
583.32
583.96
583.29
583.35
583.34
583.06
583.81
583.83
583.84
583.33
583.86
583.56
584.52
584.80
584.77
584.30
584.79
584.34
584.23
584.32
584.82
584.99
584.86
584.36
584.31
584.33
584.37
584.28
584.38
585.31
585.32
585.01
585.30
585.29
585.78
585.26
585.86
585.64
585.33
585.08
585.25
585.27
585.34
586.29
586.80
586.54
586.30
586.28
586.83
586.31
586.32
586.81
586.04
586.82
586.85
586.27
586.63
586.78
586.23
586.33
586.24
586.79
587.25
587.27
587.30
587.63
587.97
587.29
587.28
587.76
587.31
587.33
587.79
587.77
587.34
587.32
587.80
587.95
587.82
587.35
587.96
587.86
588.78
588.54
588.97
588.28
588.30
588.32
588.31
588.84
588.61
588.80
588.55
588.82
588.34
588.33
588.27
589.30
589.04
589.79
589.95
589.32
589.34
589.31
589.98
589.83
589.68
589.85
590.31
590.78
590.79
590.30
590.80
590.57
590.64
590.81
590.63
590.66
591.80
591.66
591.63
591.04
591.31
591.32
591.28
591.33
591.29
591.64
591.81
591.36
591.30
592.79
592.09
592.85
592.81
592.32
592.35
592.37
592.83
593.80
593.54
593.75
593.16
593.29
593.33
593.31
593.32
593.37
593.30
593.83
593.99
593.84
593.82
593.79
593.68
593.86
594.64
594.00
594.78
594.29
594.34
594.28
594.22
594.35
594.79
594.32
594.80
594.36
594.87
595.16
595.80
595.29
595.30
595.56
595.81
595.32
595.31
595.95
595.79
595.33
595.76
595.99
595.82
596.93
596.60
596.07
596.96
596.77
596.82
596.79
596.83
596.99
596.30
596.87
596.26
596.29
596.98
596.00
596.80
596.70
596.85
596.11
596.61
597.96
597.61
597.79
597.30
597.98
597.78
597.26
597.94
597.27
597.82
597.64
597.66
597.29
597.84
597.67
597.99
597.36
597.86
597.80
597.83
597.31
597.32
597.49
598.80
598.28
598.65
598.32
598.64
598.83
598.34
598.36
598.81
598.84
598.55
598.79
598.35
598.29
598.82
598.98
598.37
598.87
598.85
599.33
599.79
599.80
599.30
599.96
599.63
599.32
599.31
599.99
599.81
599.60
599.28
599.86
599.34
599.03
599.83
599.38
599.36
599.84
600.30
600.81
600.28
600.64
600.05
600.29
600.04
600.53
600.82
600.96
600.33
600.80
600.27
600.34
600.66
600.26
600.56
600.99
601.97
601.79
601.32
601.96
601.30
601.64
601.34
601.36
601.98
601.83
601.01
601.24
601.31
601.28
601.33
602.81
602.64
602.27
602.28
602.61
602.82
602.33
603.00
602.35
602.30
602.84
602.31
602.80
602.79
602.98
602.95
602.00
602.29
602.83
602.34
603.80
603.96
603.64
603.25
603.33
603.29
603.77
603.34
603.04
603.38
603.31
603.83
603.79
603.86
603.32
604.94
604.34
604.80
604.30
604.28
604.96
604.06
604.64
604.35
604.37
604.89
604.33
604.39
605.28
605.03
605.83
605.32
605.30
605.29
605.26
605.64
605.87
605.35
605.33
605.31
605.34
605.80
605.37
605.81
606.81
606.95
606.30
606.29
606.28
606.35
606.31
606.80
606.82
606.32
606.34
606.37
606.39
606.83
607.06
607.05
607.63
607.81
607.29
607.30
607.65
607.76
607.04
607.33
607.31
607.58
607.83
607.32
607.82
607.98
607.34
607.27
608.97
608.82
608.56
608.63
609.97
610.30
610.64
611.83
611.37
611.68
611.84
612.18
612.97
612.79
612.30
612.81
612.76
612.63
612.33
612.31
612.86
612.78
612.88
613.97
613.81
613.29
613.31
613.57
613.35
613.34
613.18
613.30
613.77
613.85
613.38
613.32
614.82
614.05
614.79
614.30
614.34
614.80
614.33
614.78
614.36
614.29
614.32
614.83
614.28
614.87
614.35
614.88
614.38
615.31
615.06
615.66
615.95
615.33
615.28
615.83
615.29
615.81
615.37
615.80
615.32
615.34
615.01
615.86
615.84
616.62
616.25
616.31
616.37
616.83
616.98
616.65
616.33
616.30
616.35
616.32
616.36
616.80
617.04
617.31
617.30
617.64
617.81
617.27
617.00
617.32
617.86
617.29
617.33
617.97
617.35
617.36
618.65
618.78
618.30
618.31
618.34
618.94
618.98
618.84
618.32
618.95
618.80
618.07
618.33
618.81
618.96
618.82
618.83
618.87
618.35
619.67
619.03
619.54
619.29
619.34
619.33
619.61
619.28
619.83
619.64
619.31
619.82
619.36
619.35
619.79
619.37
619.87
620.00
620.32
620.79
620.84
620.96
620.65
620.28
620.31
620.81
620.83
620.38
620.82
620.35
620.78
620.88
620.33
621.62
621.31
621.81
621.35
621.56
621.32
621.07
621.60
621.78
621.96
621.97
621.80
621.33
621.68
621.37
621.30
621.83
621.85
621.39
622.95
622.30
622.66
622.33
622.63
622.83
622.32
622.27
622.86
622.34
622.35
622.36
622.37
622.31
622.85
622.28
623.82
623.33
623.31
623.81
623.28
623.35
623.24
623.83
623.80
623.34
623.69
623.36
623.86
624.30
624.55
624.82
624.95
624.28
624.63
624.79
624.23
624.66
624.83
624.85
624.35
624.34
624.33
624.37
625.78
625.28
625.33
625.85
625.31
625.27
625.57
625.32
625.01
625.98
625.67
625.79
625.83
625.29
625.84
625.63
625.88
625.34
625.86
625.35
625.82
626.93
626.29
626.84
626.99
626.66
626.33
626.30
626.32
626.64
626.08
626.07
626.83
626.31
626.82
626.68
626.88
626.81
626.36
626.38
627.04
627.26
627.34
627.98
627.32
627.29
627.31
627.58
627.33
627.82
627.05
627.66
627.85
627.37
627.35
627.36
627.88
628.30
628.62
628.96
628.82
628.97
628.37
628.65
628.29
628.84
628.35
628.78
628.34
628.68
628.38
628.40
629.34
629.82
629.33
629.32
629.35
629.80
629.67
629.65
629.86
629.36
629.01
629.37
629.30
629.99
629.79
629.84
629.39
630.67
630.32
630.81
630.29
630.07
630.30
630.34
630.36
630.83
630.35
630.31
630.65
630.33
630.57
630.84
630.38
630.68
630.70
631.28
631.31
631.33
631.80
631.32
631.63
631.08
631.83
631.81
631.82
631.35
631.85
631.30
631.34
631.87
631.43
632.99
632.63
632.30
632.34
632.95
632.67
632.32
632.97
632.28
632.82
632.66
632.31
632.36
632.33
632.35
632.41
632.40
632.83
633.03
633.83
633.27
633.33
633.31
633.32
633.67
634.00
633.64
633.36
633.96
633.85
633.37
634.85
634.66
634.36
634.27
634.32
634.67
634.35
634.60
634.98
634.37
634.33
634.30
634.89
635.30
635.83
635.55
635.96
635.33
635.26
635.29
635.32
635.63
635.78
635.34
635.31
635.39
635.35
635.38
635.81
635.79
635.86
636.31
636.34
636.30
636.01
636.38
636.84
636.33
636.87
636.86
636.85
636.90
638.00
637.96
637.82
637.94
637.83
637.80
637.00
637.58
637.32
637.01
637.84
637.36
637.34
637.31
637.33
637.38
637.86
637.37
637.30
637.39
637.99
637.88
638.33
638.82
638.85
638.29
638.63
638.67
638.32
638.28
638.31
638.01
638.35
638.83
638.34
638.86
638.87
638.36
638.30
638.38
639.31
639.63
639.55
639.83
639.84
639.81
639.35
639.65
639.64
639.34
639.82
639.32
639.69
639.88
640.76
640.66
640.33
640.30
640.85
640.28
640.32
640.59
640.63
640.57
640.37
640.86
640.31
640.83
640.84
640.34
640.82
640.40
640.88
640.70
640.81
641.62
641.96
641.56
641.28
641.84
641.07
641.33
641.34
641.82
641.66
641.30
641.99
641.85
641.37
641.36
641.39
641.88
641.35
642.82
642.36
642.26
642.31
642.62
642.32
642.81
642.68
642.09
642.34
642.78
642.67
642.35
642.03
642.37
642.38
643.28
643.30
643.83
643.07
643.35
643.29
643.99
643.84
643.01
643.97
643.69
643.38
643.82
643.72
643.86
643.37
643.36
643.39
643.41
643.33
644.30
644.99
644.69
644.83
644.32
644.87
644.81
644.31
644.33
644.65
644.34
644.38
644.96
644.36
644.35
644.85
644.37
644.84
645.55
645.52
645.59
645.00
645.79
645.83
645.80
645.30
645.35
645.36
645.34
645.32
645.33
645.85
646.87
646.33
646.30
646.28
646.03
646.97
646.07
646.34
646.32
646.78
646.83
646.31
646.85
646.36
646.35
646.40
647.28
647.31
647.33
647.62
647.29
647.35
648.00
647.05
647.38
647.34
647.84
647.67
647.69
647.86
647.32
647.30
647.40
647.36
648.68
648.07
648.66
648.81
648.83
648.30
648.87
648.34
648.26
648.85
648.02
648.33
648.39
649.82
649.86
649.83
649.31
649.98
649.33
649.34
649.09
649.88
649.87
649.32
649.36
649.29
649.84
649.90
650.54
650.34
650.06
650.57
650.59
650.35
650.31
650.81
650.39
650.40
651.33
651.00
651.31
651.03
651.63
651.80
651.34
651.35
651.97
651.37
651.38
651.84
652.81
652.34
652.80
652.01
652.33
652.84
652.67
652.31
652.32
652.38
652.03
652.86
653.84
653.32
653.86
653.57
653.35
653.08
653.82
653.34
653.01
653.80
653.68
653.36
653.64
653.31
653.85
653.30
653.91
653.90
653.33
654.83
654.27
654.78
654.98
654.29
654.95
654.32
654.67
654.82
654.35
654.42
654.38
654.31
654.30
654.90
654.85
654.92
654.33
654.61
655.33
655.28
655.55
655.82
655.97
655.30
655.56
655.32
655.80
655.79
655.66
655.67
655.35
655.86
655.65
655.87
655.38
655.88
655.81
656.81
656.67
656.34
656.83
656.07
656.80
656.66
656.85
656.86
656.32
656.30
656.88
656.64
656.40
656.84
656.36
656.87
656.33
656.91
656.38
657.31
657.65
657.97
657.34
657.82
657.85
657.32
657.29
657.00
657.83
657.37
657.33
657.26
657.86
657.38
657.04
657.39
657.27
658.32
658.31
658.83
658.38
658.34
658.35
658.33
658.01
658.99
658.68
658.65
658.81
658.84
658.86
658.36
658.06
658.80
658.41
659.84
659.82
659.56
659.30
659.36
659.83
659.66
659.34
659.86
659.32
659.35
659.68
659.85
659.42
660.08
660.99
660.32
660.79
660.34
660.33
660.67
660.98
660.81
660.36
660.31
660.82
660.86
660.38
661.36
661.86
661.63
661.32
661.06
661.80
661.00
661.77
661.81
661.33
661.82
661.07
661.34
661.83
661.35
661.68
662.59
662.35
662.67
663.00
662.85
662.31
662.34
662.86
662.68
662.36
662.84
662.83
662.80
662.32
662.39
662.47
663.98
663.58
663.63
663.33
663.32
663.31
663.80
663.38
663.37
663.84
663.86
663.35
663.87
663.40
663.85
663.90
664.81
664.34
664.86
664.33
664.87
664.66
664.35
664.36
664.68
664.89
664.41
664.39
665.33
665.35
665.85
665.98
665.88
665.39
665.86
665.36
665.34
665.42
666.57
666.38
666.34
666.28
666.66
666.99
666.02
666.35
666.67
666.84
666.80
666.32
666.39
666.88
666.87
667.18
667.30
667.33
667.66
667.36
667.32
667.38
667.35
667.87
667.68
667.84
667.83
668.65
668.79
668.83
668.08
668.85
668.35
668.32
668.02
668.01
668.87
668.33
668.89
668.38
668.82
668.71
668.36
668.41
668.19
669.32
669.00
669.33
669.36
669.85
669.82
669.43
669.30
669.38
670.00
669.84
669.89
669.19
670.33
670.81
670.01
670.85
670.34
670.32
670.38
670.29
670.41
670.89
670.86
670.91
671.82
671.37
671.85
671.86
671.31
671.99
671.34
671.38
671.89
671.87
671.33
671.40
671.02
671.35
671.91
672.02
672.55
672.03
672.99
672.84
672.32
672.31
672.35
672.67
672.37
672.85
672.83
672.33
672.36
672.69
672.38
672.41
673.30
673.83
673.97
673.85
673.99
673.33
673.37
673.35
673.89
673.09
673.32
673.38
673.40
673.41
673.91
674.66
674.67
674.34
674.32
674.11
674.68
674.37
674.83
674.35
674.36
674.84
674.86
674.33
674.01
674.85
674.43
675.98
675.34
675.59
675.82
675.32
675.30
675.83
675.67
675.62
675.85
675.41
675.90
675.86
675.03
675.04
675.38
675.88
676.33
676.87
676.37
676.39
676.03
676.88
676.84
676.40
676.36
676.82
676.91
676.30
676.85
676.34
676.48
677.33
677.30
677.36
677.86
677.35
677.85
677.38
677.90
677.01
677.89
678.37
678.99
678.32
678.70
678.66
678.03
678.30
678.33
678.86
678.31
678.35
678.34
678.38
678.43
678.46
679.81
679.37
679.35
679.36
679.11
679.03
679.41
680.86
680.58
680.34
680.66
680.61
680.38
680.33
680.81
680.30
680.83
680.88
680.80
680.85
680.70
680.41
680.84
680.42
681.04
681.34
681.99
681.32
681.36
681.84
681.31
681.33
681.01
681.35
682.35
682.02
682.34
682.37
683.29
683.34
683.85
683.89
683.32
683.01
683.35
684.20
685.00
684.33
684.31
684.66
684.67
684.37
684.90
684.39
685.30
685.86
685.35
685.32
685.39
685.82
685.38
685.85
685.89
686.20
686.80
686.31
686.85
686.37
686.36
686.62
686.39
686.32
686.34
686.84
686.86
686.35
686.29
686.41
687.81
687.85
687.09
687.04
687.37
687.35
687.91
687.34
687.66
687.31
687.89
687.36
687.84
687.82
687.40
688.35
688.37
688.11
688.36
688.02
688.86
688.39
688.87
688.31
688.32
688.84
688.82
688.88
688.33
688.85
688.44
689.04
689.85
689.33
689.34
689.35
689.32
689.99
689.37
689.84
689.54
690.32
690.34
690.62
690.00
690.36
690.38
690.35
690.04
690.91
690.37
690.89
690.84
690.39
690.87
691.82
691.83
691.70
691.32
691.34
691.84
691.33
691.02
691.89
691.68
691.35
691.41
691.38
691.87
691.37
691.85
691.54
692.34
692.37
692.68
692.66
692.33
692.58
692.36
692.81
692.39
692.90
692.07
692.40
692.92
692.84
692.48
692.03
693.95
693.80
693.01
693.82
693.36
693.37
693.39
693.89
693.31
693.33
693.62
693.35
693.60
694.00
693.85
693.28
693.90
693.86
693.40
693.03
694.28
694.34
694.68
694.32
694.80
694.89
694.09
694.90
694.38
694.87
694.41
694.31
694.37
695.00
694.88
694.10
694.35
694.36
695.87
695.99
695.05
695.86
695.83
695.38
695.30
695.36
695.69
695.90
695.84
695.41
696.69
696.35
696.60
696.04
696.82
696.38
696.36
696.85
696.37
696.87
697.32
697.85
697.74
697.84
697.87
697.44
697.37
697.41
697.89
697.35
697.38
697.88
698.59
698.34
698.35
698.38
698.60
698.81
698.86
698.68
698.43
698.90
698.67
698.89
698.41
698.36
698.37
699.35
699.30
699.36
699.37
699.85
699.89
699.71
699.38
699.84
699.39
699.41
700.84
700.34
700.80
700.39
700.38
700.90
700.36
700.32
700.30
700.87
700.37
700.93
701.80
701.36
701.79
701.69
701.64
701.01
701.89
701.91
701.87
701.39
701.42
701.37
701.38
701.86
702.67
702.38
702.33
702.37
702.86
702.36
702.31
702.68
702.70
702.02
702.40
702.43
702.39
702.85
702.44
702.82
703.38
703.97
703.34
703.37
703.83
703.35
703.40
703.33
703.81
703.86
704.02
704.34
704.28
704.01
704.35
704.84
704.36
704.33
704.40
704.87
704.39
704.41
704.90
704.82
704.88
705.97
705.32
705.85
705.35
705.30
705.31
705.36
705.05
705.86
705.69
705.83
705.39
705.80
705.38
705.46
706.88
706.65
706.84
706.36
706.89
706.37
706.31
706.87
706.83
706.86
706.38
706.90
706.70
706.39
706.85
706.49
707.31
707.67
707.33
707.34
707.92
707.35
707.39
707.85
707.37
707.90
707.91
707.84
707.89
707.70
707.88
707.38
707.40
707.41
708.69
708.87
708.34
708.86
708.04
708.59
708.82
708.31
708.35
708.42
708.85
708.80
708.36
708.92
708.91
709.37
709.35
709.69
709.83
709.86
709.87
709.03
709.34
709.85
709.42
709.32
709.95
710.28
710.31
710.35
710.61
710.36
710.37
710.86
710.38
710.05
711.83
711.81
711.31
711.34
711.84
711.38
711.35
711.36
711.92
711.85
711.88
711.91
711.37
711.87
711.42
711.41
712.82
712.84
712.35
712.02
712.28
712.83
712.38
712.87
712.33
712.36
712.43
712.39
712.89
712.88
713.32
713.89
713.35
713.85
713.37
713.69
713.42
713.40
714.32
714.09
714.05
714.37
714.33
714.36
714.39
714.72
714.29
714.40
714.83
714.89
714.42
714.74
714.35
714.85
714.84
715.02
715.86
715.36
715.71
715.91
715.88
715.33
715.05
715.40
715.38
715.37
715.85
715.41
716.33
716.36
716.86
716.87
716.32
716.89
716.38
716.39
716.35
716.37
716.34
716.43
716.44
717.37
717.91
717.67
717.38
717.32
717.34
717.41
717.40
717.87
717.84
717.88
717.35
717.92
718.68
718.59
718.69
718.86
718.36
718.39
718.33
718.40
718.38
718.90
718.87
718.84
719.31
719.34
719.35
719.80
719.69
719.87
719.37
719.38
719.71
719.91
719.42
719.70
719.33
719.85
719.90
720.82
720.85
720.61
720.03
720.70
720.40
720.35
720.88
720.36
720.37
720.87
720.84
720.38
721.35
721.86
721.40
721.98
721.34
721.33
722.34
722.33
722.31
722.82
722.65
722.85
722.70
722.38
722.37
722.90
722.03
722.87
722.36
722.95
722.44
723.59
723.31
723.34
723.87
723.04
723.38
723.72
723.39
723.37
723.05
723.88
723.36
723.44
724.61
724.86
724.67
724.31
724.57
724.34
724.81
724.85
724.39
724.38
724.06
724.87
724.88
724.84
724.40
724.36
724.43
724.95
725.36
726.00
725.33
725.85
725.69
725.68
725.39
725.35
725.05
725.32
725.38
725.34
725.94
725.42
725.86
725.84
726.35
726.82
726.86
726.38
726.87
726.91
726.90
726.83
726.37
726.84
726.75
726.94
727.31
727.38
727.37
727.47
727.88
727.86
727.39
727.33
727.02
727.74
727.35
727.36
727.80
727.40
727.41
728.31
728.37
728.83
728.82
728.33
728.71
728.35
728.40
728.89
728.92
729.84
729.09
729.41
729.91
729.39
729.90
729.42
729.36
729.40
729.87
729.88
729.31
730.10
730.33
730.38
730.01
730.88
730.69
730.41
730.36
730.42
730.89
730.84
730.40
730.34
731.36
731.90
731.37
731.41
731.72
731.40
731.86
731.87
731.84
731.39
731.08
731.92
731.89
731.34
731.94
731.44
731.46
732.36
732.84
732.37
732.00
732.86
732.35
732.38
732.40
732.88
732.43
732.91
732.22
733.39
733.32
733.10
733.86
733.38
733.91
733.35
733.34
733.43
733.83
734.04
734.37
734.40
734.03
734.39
734.36
734.41
734.42
734.49
735.68
735.40
735.90
735.35
735.37
735.41
735.38
735.92
735.44
735.83
736.38
736.86
736.83
736.10
736.88
736.39
736.85
736.37
736.42
736.92
736.31
737.11
737.36
737.34
737.33
737.81
737.03
737.39
737.38
737.31
737.42
738.34
738.61
738.91
738.37
738.72
738.39
738.33
738.85
738.87
738.35
738.40
738.36
738.82
738.38
739.84
739.09
739.82
739.36
739.37
739.39
739.92
739.44
739.95
740.32
740.36
740.59
740.43
740.42
740.84
740.38
740.47
741.20
741.84
741.87
741.80
741.35
741.43
741.36
741.85
741.34
741.86
741.91
741.90
741.41
741.21
742.87
742.34
742.33
742.85
742.91
742.04
742.78
742.40
742.36
742.93
742.35
742.39
742.43
743.85
743.37
743.40
743.39
743.43
743.88
743.38
743.34
743.86
743.87
743.89
743.35
744.89
744.39
744.10
744.06
744.37
744.36
745.00
744.44
744.71
744.42
744.41
744.40
744.38
744.94
744.24
745.35
745.85
745.39
745.41
745.86
745.33
745.37
745.05
745.87
745.40
745.92
745.81
745.44
745.29
746.36
746.38
746.37
746.86
746.43
747.34
747.04
747.84
747.68
747.90
747.98
747.40
747.88
747.37
747.41
747.95
747.35
747.44
747.86
748.09
748.35
748.68
748.41
748.37
748.36
748.87
748.40
748.33
748.42
749.32
749.83
749.89
749.36
749.81
749.37
749.35
749.38
749.92
749.39
749.93
749.40
749.90
749.42
749.41
749.95
749.48
750.85
750.86
750.83
750.36
750.37
750.39
750.40
750.34
750.41
750.92
750.90
750.44
750.33
750.91
750.52
751.89
751.38
751.06
751.40
751.37
751.71
751.39
751.36
751.93
751.33
751.41
751.42
751.90
751.84
752.32
752.87
752.89
752.39
752.35
753.70
753.67
753.58
753.37
753.86
753.39
753.46
753.87
753.34
753.91
753.41
753.40
754.34
754.38
754.86
754.02
754.37
754.33
754.36
754.72
754.05
754.40
754.87
754.41
754.93
754.45
754.44
755.05
755.35
755.40
755.87
755.41
755.42
755.76
755.86
755.67
755.92
755.89
756.92
756.89
756.01
756.42
756.40
756.90
756.91
756.36
756.41
756.45
756.39
757.31
757.85
757.04
757.88
757.40
757.82
757.99
757.41
757.35
757.02
757.72
757.38
757.42
757.90
757.93
757.44
757.39
758.37
758.36
758.92
758.88
758.41
758.35
758.87
758.22
758.91
758.42
759.02
759.42
759.34
759.72
759.10
759.39
759.43
759.38
759.40
759.87
759.89
760.35
760.90
760.07
760.37
760.05
760.14
760.13
760.40
760.36
760.91
761.61
761.35
761.37
761.82
761.40
761.38
761.87
761.92
762.62
762.36
762.35
762.88
762.85
762.37
762.41
763.72
763.38
763.89
763.40
763.39
763.92
763.51
764.33
764.32
764.39
764.85
764.44
764.40
764.42
764.89
764.43
764.54
764.53
764.52
765.87
765.82
765.62
765.85
765.89
765.83
765.41
765.42
765.97
765.36
766.04
766.85
766.37
766.36
766.40
766.86
766.32
766.89
766.38
766.06
767.34
767.40
767.36
767.89
767.39
767.44
767.94
767.43
767.88
767.37
767.86
767.41
768.89
768.08
768.85
768.33
768.38
768.39
768.07
768.04
768.41
768.36
768.95
769.34
769.82
769.42
769.36
769.88
769.81
769.37
769.40
769.27
770.33
770.40
770.90
770.37
770.35
770.88
770.30
770.38
770.85
770.02
770.41
770.42
771.62
771.91
771.72
771.86
771.44
771.94
771.83
771.36
771.40
772.68
772.39
772.08
772.72
772.33
772.87
772.88
772.93
772.89
772.04
772.42
772.46
772.91
772.40
772.36
773.85
773.34
773.13
773.71
773.42
773.38
773.90
773.41
773.88
773.95
773.36
774.64
774.63
774.92
774.69
774.87
774.35
774.86
774.41
775.12
775.38
775.33
775.36
775.93
775.40
775.90
775.87
776.71
776.38
776.33
776.90
776.36
776.84
776.37
776.91
776.88
776.43
776.45
776.41
776.94
776.46
776.25
777.37
777.91
777.35
777.38
777.11
777.41
777.42
777.89
777.92
778.13
778.58
778.36
778.83
778.89
778.40
778.79
779.34
779.91
779.36
779.38
779.89
779.69
779.42
779.84
779.83
779.90
779.94
779.39
779.88
779.37
779.95
779.57
780.32
780.86
780.35
780.85
780.72
780.38
780.41
780.95
780.43
780.97
780.44
780.96
780.46
780.53
780.45
780.57
781.72
781.02
781.61
781.35
781.38
781.90
781.89
781.44
781.43
781.93
781.40
782.88
782.41
782.36
782.40
782.38
782.72
782.87
782.95
782.35
782.85
782.39
782.94
783.35
783.91
783.37
783.38
783.87
783.93
783.92
783.36
783.47
783.94
783.88
783.95
784.82
784.37
784.42
784.04
784.86
784.88
784.39
784.46
784.89
784.90
784.45
785.88
785.44
785.39
785.91
785.46
785.47
786.40
786.88
786.51
786.90
786.75
786.06
786.86
786.85
786.73
786.42
786.43
787.38
787.62
787.86
787.32
787.37
787.72
787.39
787.92
788.32
788.73
788.89
788.57
788.43
788.88
788.93
788.45
788.86
788.35
788.84
788.78
788.37
788.90
788.42
788.48
789.14
789.88
789.39
789.40
789.41
789.08
789.37
789.89
789.90
789.42
789.93
789.44
789.45
790.71
790.69
790.39
790.34
790.38
790.40
790.88
790.90
790.37
790.91
790.44
790.45
791.40
791.34
791.87
791.10
791.91
791.47
792.85
792.87
792.42
792.89
792.39
792.53
793.72
793.35
793.88
793.41
793.95
793.40
794.07
794.93
794.39
794.40
794.89
794.48
795.84
795.39
795.41
795.43
796.39
796.37
796.38
796.42
796.89
796.94
797.65
797.38
797.41
797.39
797.91
797.87
798.68
798.86
798.59
798.87
798.34
798.41
798.38
798.96
798.47
798.92
798.45
798.36
799.39
799.34
799.90
799.43
799.45
799.40
799.87
799.91
799.93
799.86
799.89
799.42
800.33
800.57
800.88
800.92
800.37
800.40
800.36
800.76
800.44
800.43
800.95
800.94
800.46
801.68
801.84
801.37
801.44
801.43
801.87
801.40
801.90
801.92
801.95
802.39
802.40
802.41
802.92
802.44
803.84
803.37
803.40
803.42
803.88
803.87
803.36
803.43
803.45
803.39
804.08
804.38
804.86
804.92
804.44
804.43
804.89
804.94
804.72
804.39
805.39
805.90
805.42
805.08
805.41
805.44
805.89
805.92
805.45
805.47
806.06
806.42
806.72
806.86
806.41
806.94
806.68
806.90
806.88
806.30
806.38
806.44
806.39
807.88
807.14
807.40
807.43
807.39
807.42
807.90
807.38
807.35
807.33
807.94
807.48
807.46
808.74
808.35
808.89
808.85
808.88
808.86
808.38
808.41
808.40
808.42
808.95
808.94
808.92
808.43
809.91
809.06
809.84
809.05
809.38
809.94
809.76
809.41
809.88
810.00
809.44
809.40
809.92
809.93
809.71
810.36
810.42
810.38
810.39
810.91
810.40
810.86
811.89
811.09
811.08
811.37
811.40
811.39
811.65
811.38
811.41
812.38
812.45
812.11
812.92
812.89
812.39
812.08
812.88
812.42
812.87
812.94
813.95
813.88
813.93
813.08
813.92
813.40
813.41
814.94
814.35
814.92
814.43
814.41
815.75
815.11
815.39
815.02
815.41
815.42
815.92
816.84
816.39
816.92
816.90
816.70
816.41
816.45
816.85
816.42
817.83
817.35
817.75
817.39
817.45
817.44
817.89
817.37
817.91
817.42
817.92
817.88
817.41
817.48
818.39
818.65
818.42
818.69
818.89
818.93
818.44
818.45
819.40
819.42
819.44
819.88
819.92
819.89
819.43
819.46
819.53
819.85
820.38
820.41
820.42
820.08
820.47
820.36
820.43
820.39
820.99
820.91
821.90
821.40
821.42
821.37
821.86
821.45
821.41
821.38
821.94
822.39
822.36
822.42
822.12
822.93
822.43
822.44
822.87
822.51
822.45
823.11
823.42
823.87
823.40
823.41
824.84
824.88
824.37
824.89
824.86
824.91
824.40
824.36
825.37
825.39
825.95
825.88
825.89
825.47
825.38
825.09
825.40
825.97
826.16
826.39
826.38
826.88
826.42
826.17
826.89
826.91
826.47
826.41
827.29
827.88
827.46
827.42
827.45
827.90
827.80
828.62
828.92
828.43
828.76
828.89
828.87
828.36
828.46
829.42
829.08
829.41
829.89
829.47
829.43
829.93
829.38
830.00
829.99
830.91
830.36
830.46
830.45
830.41
830.90
830.87
830.82
831.65
831.38
831.41
831.45
831.44
831.46
831.15
832.39
832.46
832.42
832.91
833.86
833.42
833.78
833.45
833.39
833.38
834.59
834.93
834.42
834.39
834.90
834.87
834.88
834.49
834.40
834.97
835.82
835.92
835.71
835.86
835.40
835.07
835.42
835.74
835.39
835.38
835.41
835.91
835.94
835.49
835.46
835.43
836.43
836.42
836.37
836.39
836.92
836.95
836.49
836.44
836.88
837.86
837.85
837.42
837.91
837.34
837.90
837.41
837.43
837.94
837.39
837.95
837.40
837.48
838.40
838.39
838.52
839.17
839.60
839.35
839.85
839.42
839.87
839.95
839.41
839.92
839.86
839.44
839.96
840.37
840.41
840.42
840.09
840.39
840.44
840.89
840.00
841.91
841.95
841.94
841.61
841.70
842.14
842.46
842.89
842.42
842.50
842.97
843.82
843.60
843.90
843.42
843.36
843.38
843.43
843.89
843.11
843.83
843.98
844.94
844.70
844.44
844.89
844.92
844.43
844.46
844.96
844.48
845.92
845.86
845.79
845.39
845.44
845.40
845.46
845.41
845.93
845.45
846.16
846.42
846.41
846.44
846.90
846.48
846.47
846.87
847.39
847.88
847.43
847.86
847.41
847.42
847.92
847.48
847.45
847.95
848.92
848.43
848.44
848.41
848.94
848.90
848.46
848.58
849.41
849.97
849.44
849.92
849.98
849.37
849.49
850.39
850.36
850.44
850.88
850.46
850.40
850.92
850.94
850.57
850.60
850.59
850.27
851.93
851.39
851.40
851.42
851.47
851.95
851.88
851.60
851.27
851.26
851.28
852.67
852.78
852.40
852.11
853.92
853.42
853.63
853.78
853.14
853.95
853.48
853.93
854.70
854.42
854.71
854.68
854.39
854.46
854.93
855.42
855.78
855.86
855.90
855.82
855.50
855.40
855.43
856.86
856.90
856.42
856.45
856.41
856.37
856.95
856.49
857.41
857.89
857.45
857.92
857.77
857.97
857.50
858.42
858.91
858.94
858.39
858.45
858.93
858.96
859.41
859.05
859.72
859.43
859.91
859.39
859.46
860.75
860.40
860.48
860.94
860.39
860.44
860.90
860.49
860.46
860.37
860.93
860.97
861.33
861.36
861.42
861.91
861.40
861.41
861.98
861.48
861.47
862.92
862.42
862.41
862.40
862.47
862.35
862.46
862.34
862.96
862.36
863.89
863.14
863.50
863.97
863.93
863.43
863.46
864.89
864.05
864.45
864.90
864.71
864.93
864.10
864.41
864.39
864.33
864.44
864.99
865.42
865.44
865.95
865.91
865.96
865.35
865.49
866.94
866.99
866.73
866.46
867.00
866.44
867.43
867.38
867.41
867.93
867.87
867.46
868.91
868.88
868.39
868.42
868.36
868.95
869.40
869.45
869.44
869.94
869.43
869.98
870.88
870.41
870.93
870.43
870.44
870.40
870.94
870.49
870.98
870.99
871.68
871.94
871.75
871.13
871.44
871.40
871.43
871.39
871.48
871.49
872.43
872.45
872.46
872.77
872.47
872.40
872.42
872.44
873.85
873.37
873.91
873.95
873.94
873.97
873.41
873.48
874.40
874.41
874.43
874.44
874.45
874.47
874.91
875.91
875.37
875.41
875.93
875.95
876.42
876.53
876.45
877.62
877.80
877.44
878.45
878.94
878.46
878.42
878.89
878.47
879.37
879.12
879.69
879.44
879.39
879.91
879.46
879.93
880.39
880.94
880.45
880.47
880.97
880.43
881.93
881.43
881.99
881.94
881.44
881.70
882.45
882.42
882.91
882.89
883.41
883.12
883.39
883.08
883.88
883.46
884.45
884.90
884.93
884.46
884.42
884.91
885.95
885.40
885.92
885.93
885.42
885.49
885.43
886.43
886.37
886.45
886.95
886.44
886.42
886.47
887.10
887.95
887.88
888.96
888.93
888.44
889.92
889.39
889.40
889.98
889.46
889.47
889.93
889.45
889.51
890.46
890.49
890.86
890.97
890.08
890.48
890.95
890.44
890.02
891.34
891.43
891.11
891.44
891.46
892.48
892.45
892.49
892.96
892.94
893.94
893.45
893.97
893.55
893.42
894.95
894.46
894.47
894.93
894.43
894.04
894.76
895.44
895.46
895.88
895.43
895.92
896.41
896.75
896.97
896.44
896.39
896.42
897.92
897.40
897.43
897.12
897.45
897.96
898.46
898.96
898.98
898.45
898.43
898.42
898.50
899.21
899.41
899.43
899.44
899.94
899.45
899.95
899.93
899.42
899.48
899.01
899.51
900.72
900.37
900.94
901.74
901.96
901.94
901.44
901.37
902.46
902.45
902.41
903.09
903.88
903.43
903.98
903.50
903.44
903.46
904.09
904.96
905.50
905.43
906.76
906.43
906.92
906.74
906.89
906.38
906.40
907.41
907.43
907.47
907.99
908.48
908.46
908.47
909.00
908.54
909.45
909.40
909.95
909.90
909.77
909.48
909.46
910.43
910.93
910.44
910.91
910.40
910.01
911.88
911.39
911.71
911.96
911.45
911.43
911.38
911.47
911.01
912.39
912.90
912.44
912.47
912.41
912.95
913.93
913.39
913.94
913.47
913.02
913.42
913.89
914.95
914.42
914.40
915.87
915.45
915.16
915.93
916.05
916.38
916.37
916.95
916.48
916.46
917.73
917.89
917.79
917.92
917.42
917.49
917.50
918.39
918.70
918.95
918.44
918.93
918.50
918.49
918.54
918.41
919.89
919.88
919.39
919.40
919.43
919.46
919.13
919.48
919.02
919.52
920.42
920.48
920.97
920.51
921.47
921.95
921.45
922.46
922.47
922.51
923.87
923.88
923.98
923.96
923.45
923.46
924.05
924.47
924.96
924.80
924.45
924.95
924.50
925.96
925.78
925.68
925.38
925.95
925.79
926.42
926.18
926.43
926.39
926.47
926.45
926.91
927.42
927.92
927.94
927.46
927.41
928.41
928.91
928.49
928.93
928.45
928.46
928.96
929.89
929.47
929.46
929.54
929.51
929.52
930.89
930.48
930.78
930.92
930.00
930.43
930.51
930.02
931.90
931.39
931.89
931.98
931.47
932.00
931.44
932.34
932.92
932.74
932.45
932.44
932.52
932.50
933.45
933.49
933.42
934.38
934.46
935.49
935.52
936.88
936.38
936.94
936.48
936.97
936.46
936.47
936.45
937.47
937.92
937.49
937.46
938.39
938.46
938.95
938.45
938.54
939.39
939.42
939.91
939.52
939.53
939.86
940.39
940.47
940.42
940.02
941.97
941.79
941.94
941.47
941.88
941.45
942.91
942.97
942.93
942.42
942.46
943.43
943.40
943.51
944.79
944.43
944.95
944.42
944.51
945.40
945.43
945.51
945.46
945.52
946.90
946.42
946.82
947.96
948.00
947.42
947.95
947.46
947.48
948.07
948.98
948.48
949.41
949.46
949.45
949.99
950.00
949.16
949.02
949.48
950.14
950.43
950.46
950.50
950.94
950.54
951.94
951.52
952.90
952.47
952.53
952.49
952.01
953.38
953.95
953.40
953.44
953.42
953.46
953.01
954.95
954.84
954.51
954.02
954.47
954.98
955.41
955.95
955.43
955.44
955.90
955.49
956.99
956.47
956.43
957.50
957.00
957.51
957.07
958.73
958.94
959.41
959.52
959.54
960.38
960.41
960.45
960.48
960.02
961.48
962.50
962.48
963.73
963.43
963.48
963.45
964.42
964.89
964.46
964.55
965.51
965.45
965.43
965.49
966.67
966.41
966.45
967.95
967.45
967.97
967.42
967.02
968.77
968.74
969.38
969.49
969.50
969.03
969.54
969.06
969.96
970.40
970.82
971.95
971.52
972.77
972.89
972.56
972.53
972.52
973.98
973.44
973.89
974.00
973.06
973.03
973.53
974.39
975.47
975.46
975.52
976.83
977.80
977.00
977.97
977.44
977.46
977.54
978.78
978.94
979.46
979.72
980.16
980.93
981.50
982.98
982.97
982.48
983.43
983.93
983.48
984.99
984.57
984.46
985.03
985.96
986.53
986.49
987.46
987.44
988.48
989.48
989.95
990.49
990.47
991.51
991.17
991.44
992.71
992.50
992.44
992.12
992.94
992.49
993.97
993.77
993.39
994.02
995.45
995.50
997.02
997.50
998.51
999.00
998.31
999.50
999.39
1000.80
1000.51
1000.52
1000.94
1000.84
1000.31
1001.02
1001.52
1001.01
1001.31
1003.19
1003.97
1003.56
1003.07
1004.49
1005.03
1005.99
1006.45
1007.48
1007.53
1008.50
1008.03
1009.96
1010.49
1010.51
1010.01
1010.94
1011.43
1011.13
1011.02
1011.56
1011.06
1013.00
1013.10
1013.81
1013.18
1014.47
1014.45
1014.46
1015.76
1015.41
1015.52
1016.49
1017.20
1017.49
1017.99
1018.43
1018.48
1018.03
1020.53
1020.48
1020.51
1020.08
1021.09
1021.98
1021.52
1021.14
1021.81
1021.53
1021.54
1022.23
1022.03
1022.94
1023.06
1023.93
1024.51
1024.50
1024.48
1025.53
1026.09
1026.48
1026.51
1026.05
1026.39
1026.49
1026.56
1028.00
1027.01
1028.96
1029.46
1029.01
1029.92
1030.17
1031.10
1031.46
1033.51
1033.91
1034.00
1034.51
1034.53
1035.48
1035.05
1035.94
1036.48
1036.46
1036.53
1036.44
1038.10
1039.47
1040.49
1041.14
1041.47
1041.16
1041.00
1041.09
1043.53
1043.03
1043.00
1043.49
1044.04
1048.01
1049.07
1051.43
1051.01
1051.17
1052.13
1052.54
1052.05
1053.45
1053.55
1053.44
1053.58
1053.53
1054.54
1054.03
1056.76
1057.02
1057.51
1058.50
1060.55
1061.49
1062.09
1062.75
1063.54
1063.04
1064.02
1065.07
1066.47
1067.43
1067.99
1068.45
1068.59
1069.38
1069.52
1070.50
1071.00
1072.08
1078.56
1079.54
1082.46
1082.47
1082.04
1084.57
1085.45
1085.57
1086.07
1089.62
1090.61
1091.09
1094.08
1097.54
1101.04
1104.16
1107.42
1107.20
1107.12
1108.99
1108.14
1109.02
1110.14
1115.58
1115.04
1116.81
1117.45
1121.05
1124.47
1130.00
1130.50
1135.06
1136.47
1141.24
1143.50
1145.99
1148.60
1164.88
1168.92
1170.07
1174.55
1176.34
1177.08
1178.55
1179.04
1187.84
1187.34
1204.77
1206.60
1207.21
1211.51
1212.32
1212.07
1222.02
1224.95
1225.20
1229.51
1229.71
1230.53
1230.52
1233.13
1237.57
1238.18
1242.63
1243.64
1247.93
1250.21
1272.19
1273.49
1288.56
1290.19
1295.52
1300.57
1300.52
1301.81
1315.40
1320.38
1320.88
1327.52
1378.54
1378.52
1378.26
1423.89
1424.89
1429.90
1435.57
1436.57
1565.28
1570.28
1571.29
1571.05
1576.29
1632.60
1638.61
1666.60
1690.65
1696.65
1706.36
1711.67
1737.36
1742.87
1760.84
1766.18
1771.52
1775.39
