350.19
350.21
351.69
351.17
351.18
351.53
351.22
351.19
351.20
351.68
352.86
352.53
352.71
352.19
352.20
352.21
352.69
357.69
357.23
357.20
357.71
357.45
358.70
358.19
358.88
358.64
358.20
358.21
358.74
359.03
359.69
359.53
359.88
359.70
359.22
359.71
359.73
360.20
360.52
360.21
360.19
360.74
361.56
361.86
361.19
361.22
361.20
361.54
361.72
361.71
361.13
361.74
362.20
362.70
362.88
362.23
362.19
362.18
362.22
362.64
363.71
363.79
363.67
363.20
363.96
363.19
363.53
363.94
363.46
363.22
364.20
364.53
364.73
364.67
364.18
364.22
364.72
364.97
364.87
364.69
364.19
365.73
365.21
365.72
365.25
365.19
365.22
365.70
365.23
366.46
366.71
366.53
366.70
366.21
366.54
366.55
366.67
366.18
366.19
367.67
367.17
367.74
367.70
367.69
367.73
368.90
368.87
368.19
368.20
368.22
368.72
368.71
368.23
368.68
369.17
370.18
370.19
371.10
371.24
371.71
372.86
372.21
372.24
373.22
373.87
373.21
373.73
374.55
374.20
374.74
374.21
374.68
374.19
374.69
374.73
374.71
374.24
375.79
375.22
375.55
375.71
375.89
375.54
375.13
375.75
375.73
376.15
376.86
376.52
376.22
376.23
376.70
376.20
376.68
376.25
376.21
376.73
376.69
376.64
376.26
376.74
376.65
377.22
377.20
377.56
377.86
377.55
377.19
377.65
377.23
377.68
377.54
377.21
377.18
377.73
377.74
378.19
378.25
378.22
378.88
378.45
378.56
378.17
378.20
378.55
378.73
378.86
378.21
378.65
378.72
378.71
379.19
379.24
379.85
379.88
379.94
379.22
379.74
379.21
380.21
380.20
380.54
380.23
380.19
380.22
380.72
380.25
380.24
381.96
381.57
381.90
381.52
381.54
381.21
381.20
381.19
381.22
381.23
381.75
382.22
382.85
382.20
382.54
382.72
382.21
382.73
382.89
382.24
382.76
383.87
383.58
383.53
383.73
383.22
383.25
383.68
383.56
383.19
383.69
383.23
383.66
383.24
384.20
384.87
384.21
384.89
384.56
384.51
384.73
384.90
384.71
384.26
384.17
384.24
385.56
385.46
385.73
385.47
385.85
385.54
385.71
385.88
385.24
385.26
385.21
385.78
386.55
386.23
386.20
386.45
386.21
386.54
386.70
386.24
386.68
386.75
387.15
387.53
387.72
387.24
387.25
387.89
387.22
387.55
387.16
387.73
388.89
388.23
388.57
388.92
388.24
388.55
388.25
388.72
388.53
389.20
389.58
389.19
389.25
389.24
389.71
389.92
389.23
389.55
389.73
389.22
389.18
390.20
390.70
390.91
390.90
390.53
390.24
390.54
390.51
391.28
391.57
391.25
391.74
391.88
391.21
391.56
391.24
391.19
391.71
391.18
391.20
391.55
391.69
392.55
392.19
392.20
392.69
392.90
392.74
392.22
392.75
392.73
392.28
393.88
393.54
393.72
393.74
393.46
393.20
393.27
393.23
393.22
393.87
393.75
393.76
393.25
393.89
394.46
394.22
394.86
394.54
394.45
394.51
394.21
394.74
394.72
394.23
394.25
394.90
394.14
394.26
395.88
395.22
395.90
395.24
395.20
395.75
395.53
395.19
395.92
395.74
395.72
395.23
395.21
396.58
396.91
396.96
396.57
396.30
396.72
396.54
396.88
396.89
396.24
396.98
396.74
396.87
396.90
396.22
396.73
396.26
396.80
397.21
397.23
397.75
397.26
397.17
397.69
397.67
397.74
397.22
398.76
398.22
398.24
398.72
398.25
398.90
398.71
398.68
399.21
399.88
399.55
399.20
399.26
399.22
399.74
399.23
399.98
400.54
400.19
400.98
400.23
400.72
400.53
400.75
400.22
400.91
400.74
400.26
400.21
400.24
400.90
400.92
400.25
400.20
400.56
400.77
401.16
401.54
401.22
401.23
401.20
401.21
401.88
401.24
401.29
401.71
401.56
401.17
401.26
402.55
402.57
402.54
402.22
402.73
402.71
402.70
402.76
402.97
402.23
402.24
402.25
403.56
403.53
403.24
403.23
403.69
403.91
403.70
403.68
403.21
403.49
403.55
403.22
403.88
403.73
403.71
403.89
404.15
404.54
404.96
404.22
404.91
404.23
404.57
404.71
404.73
404.56
404.24
404.90
404.72
404.19
404.21
404.17
405.84
405.45
405.21
405.73
405.71
405.44
405.75
405.89
405.20
405.22
405.54
405.23
405.25
405.27
405.78
405.19
406.88
406.96
406.55
406.21
406.22
406.94
406.56
406.53
406.24
406.57
406.77
406.72
406.26
406.78
406.20
406.70
406.92
406.25
406.73
406.67
407.21
407.89
407.46
407.92
407.97
407.25
407.22
407.56
407.49
407.27
407.47
407.23
407.74
407.77
407.24
407.57
407.26
408.79
408.21
408.55
408.23
408.72
408.22
408.95
408.24
408.73
408.25
408.70
408.26
408.56
408.65
408.74
408.27
408.92
409.22
409.59
409.68
409.20
409.57
409.98
409.23
409.87
409.90
409.24
409.25
409.16
409.19
409.74
409.56
410.54
410.90
410.88
410.55
410.57
410.89
410.21
410.70
410.24
410.56
410.46
410.26
410.71
410.73
410.86
410.75
410.25
410.77
410.74
411.23
411.56
411.25
411.21
411.17
411.24
411.74
412.22
412.56
412.72
412.71
412.19
412.21
412.24
412.73
412.27
412.57
412.23
412.68
412.78
412.80
413.27
413.87
413.57
413.23
413.22
413.70
413.72
413.88
413.98
413.18
413.97
413.24
413.55
413.28
414.57
414.58
414.56
414.70
414.75
414.26
414.73
414.88
414.76
414.24
414.22
415.22
415.57
415.23
415.58
415.47
415.73
415.89
415.90
415.46
415.76
415.25
415.75
415.26
415.71
415.24
416.20
416.22
416.88
416.54
416.45
416.24
416.74
416.23
416.72
416.26
416.25
416.17
417.55
417.70
417.74
417.90
417.72
417.71
417.75
417.56
417.88
417.25
417.19
417.24
417.57
417.21
417.78
417.23
417.73
417.22
417.28
417.14
417.89
418.16
418.56
418.22
418.20
418.21
418.47
418.90
418.76
418.24
418.48
418.70
418.19
418.73
418.96
418.69
418.74
418.75
418.31
419.32
419.22
419.54
419.91
419.23
419.88
419.20
419.89
419.24
419.90
419.56
419.15
419.58
419.99
419.98
419.25
419.77
419.69
419.76
419.59
420.46
420.72
420.86
420.77
420.89
420.91
420.24
420.22
420.47
420.71
420.75
420.76
420.97
420.55
420.57
420.88
420.78
421.20
421.86
421.92
421.22
421.47
421.74
421.45
421.24
421.76
421.91
421.75
421.25
421.57
421.72
421.71
421.21
421.77
421.58
421.68
422.24
422.89
422.96
422.76
422.22
422.97
422.55
422.25
422.23
422.27
422.21
422.75
422.19
423.57
423.44
423.23
423.21
423.89
423.90
423.25
423.73
423.22
423.87
423.75
423.74
423.26
423.76
423.24
423.28
423.60
424.08
424.21
424.90
424.23
424.70
424.58
424.71
424.91
424.22
424.57
424.26
424.20
424.89
424.77
424.17
424.24
424.25
425.20
425.57
425.47
425.25
425.98
425.90
425.54
425.55
425.23
425.56
425.21
425.59
425.24
425.76
425.92
425.74
426.60
426.73
426.20
426.90
426.23
426.74
426.22
426.91
426.51
426.21
426.25
426.15
426.72
426.27
426.71
426.70
426.31
427.73
427.23
427.27
428.27
428.26
429.09
429.28
429.24
430.73
430.24
430.71
431.97
431.23
431.77
431.57
431.27
431.73
431.25
431.18
431.89
431.56
431.74
432.21
432.69
432.54
432.73
432.23
432.22
432.75
432.50
432.76
432.26
432.24
432.71
432.25
432.28
432.79
433.23
433.88
433.57
433.22
433.76
433.78
434.00
433.91
433.56
433.25
433.27
433.72
433.24
433.73
433.71
434.71
434.56
434.77
434.20
434.55
434.89
434.90
434.21
434.25
434.22
434.59
434.58
434.91
434.26
435.56
435.23
435.76
435.24
435.91
435.48
435.54
435.74
435.73
435.26
435.22
435.21
435.98
435.25
435.27
435.77
435.78
436.24
436.87
436.23
436.88
436.90
436.55
436.27
436.56
436.72
436.75
436.91
436.69
436.59
436.73
436.26
436.94
436.77
436.78
436.20
437.90
437.22
437.97
437.25
437.24
437.71
437.55
437.23
437.77
437.58
437.68
437.92
437.74
437.28
437.27
438.13
438.57
438.74
438.87
438.23
438.48
438.21
438.46
438.25
438.91
438.90
438.24
438.99
438.75
438.26
438.27
438.78
438.76
439.89
439.75
439.90
439.56
439.72
439.86
439.25
439.91
439.92
439.21
439.76
439.74
439.73
439.58
439.22
439.23
439.19
439.20
440.47
440.91
440.49
440.26
440.75
440.59
440.25
440.23
440.24
440.73
440.74
440.29
440.22
440.72
440.60
440.31
441.22
441.90
441.23
441.21
441.74
441.87
441.24
441.26
441.53
441.73
441.25
441.27
441.28
441.51
441.69
441.29
442.48
442.88
442.92
442.73
442.72
442.29
442.71
442.23
442.74
442.59
442.27
442.25
442.22
442.28
442.20
442.60
443.59
443.29
443.58
443.92
444.26
445.73
445.25
445.76
445.27
446.22
446.88
446.26
446.24
446.27
447.24
447.48
447.77
447.56
447.46
447.54
447.55
447.23
447.26
447.75
447.74
448.12
448.24
448.76
448.90
448.23
448.25
448.21
448.26
448.72
448.28
448.78
448.75
448.77
448.73
448.71
448.22
448.91
449.25
449.71
449.87
449.90
449.74
449.91
449.77
449.89
449.57
449.24
449.26
449.58
449.28
449.78
449.13
449.23
450.73
450.46
450.58
450.98
450.59
450.22
450.25
450.74
450.57
450.23
450.24
450.72
450.90
450.16
450.00
450.78
450.27
450.79
450.28
451.55
451.91
451.92
451.72
451.01
451.90
451.27
451.26
451.00
451.76
451.23
451.57
451.74
451.25
451.71
451.28
451.20
451.73
451.22
451.24
451.78
451.18
452.25
452.56
452.21
452.22
452.58
452.71
452.26
452.90
452.93
452.76
452.91
452.75
452.74
452.27
452.01
452.77
452.66
452.57
452.28
452.73
452.23
452.30
452.95
452.15
452.80
453.23
453.22
453.73
453.91
453.57
453.55
453.72
453.25
453.21
453.76
453.92
453.24
453.51
453.26
453.59
453.28
453.74
453.77
453.79
453.34
453.27
454.97
454.22
454.54
454.46
454.75
454.71
454.26
454.25
454.90
454.29
454.89
454.74
454.20
454.73
454.24
454.27
454.78
454.32
454.30
454.21
454.76
455.75
455.25
455.74
455.21
455.24
455.49
455.50
455.78
455.90
455.76
455.26
455.72
455.23
455.57
455.22
455.91
455.27
455.79
455.11
455.86
455.28
456.74
457.00
456.26
456.91
456.54
456.25
456.28
456.71
456.77
456.78
456.58
456.99
456.29
456.73
456.59
456.24
457.22
457.28
457.24
457.91
457.89
457.23
457.88
457.56
457.55
457.72
457.74
457.25
457.79
457.52
457.60
457.77
457.61
457.31
457.62
458.20
458.58
458.91
458.00
458.59
458.26
458.92
458.25
458.22
458.69
458.77
458.78
458.24
458.57
458.79
458.62
458.54
459.75
459.59
459.24
459.91
459.23
459.92
459.76
459.28
459.25
459.26
460.59
460.56
460.99
460.26
460.27
460.25
460.76
460.28
460.80
460.94
461.25
461.47
461.92
461.58
461.78
461.24
461.26
461.56
461.75
461.93
461.28
461.79
461.77
461.76
461.90
461.27
462.15
462.29
462.72
462.26
462.23
462.78
462.74
462.90
462.73
462.57
462.27
463.00
462.49
462.30
462.83
463.72
463.89
463.25
463.59
463.58
463.90
463.92
463.22
463.75
463.55
463.23
463.91
463.94
463.26
463.27
463.74
463.29
463.76
464.56
464.59
464.76
464.24
464.93
464.25
464.72
464.99
464.78
464.80
464.88
464.58
464.89
464.22
464.28
464.27
464.77
464.30
465.24
465.25
465.57
465.90
465.53
465.99
465.91
465.92
465.77
465.93
465.76
465.72
465.26
465.59
465.78
465.27
465.23
465.58
465.74
465.70
465.60
465.28
465.20
465.80
465.54
466.92
466.90
466.25
466.23
466.21
466.24
466.27
466.60
466.47
466.26
466.74
466.69
466.58
466.75
467.72
467.96
467.26
467.74
467.58
467.90
468.00
467.61
467.28
467.25
467.99
467.91
467.77
467.78
467.95
467.52
467.30
467.62
468.49
468.57
468.92
468.28
468.58
468.74
468.48
468.91
468.55
468.25
468.59
468.73
468.27
468.90
468.24
468.76
468.26
468.22
468.29
468.63
468.68
469.25
469.26
469.22
469.24
469.90
469.92
469.99
469.91
469.77
469.19
469.73
469.58
469.62
469.60
469.79
469.80
470.92
470.25
470.76
470.93
470.23
470.72
470.91
470.75
470.30
470.78
470.26
470.80
470.28
470.60
471.80
471.24
471.92
471.98
471.61
471.90
471.91
471.75
471.57
471.25
471.87
471.27
471.94
471.77
471.60
471.29
471.93
471.03
472.26
472.00
472.23
472.90
472.22
472.27
472.92
472.50
472.77
472.24
472.58
472.74
472.59
472.78
472.01
472.93
472.31
472.28
472.29
472.04
472.70
472.25
473.99
473.55
473.47
473.23
473.92
473.50
473.93
473.25
473.77
473.90
473.57
473.27
473.58
473.24
473.76
473.75
473.95
473.30
473.29
474.91
474.57
474.59
474.90
474.22
474.58
474.60
474.26
474.99
474.56
474.27
474.76
474.78
474.28
474.31
474.79
475.74
475.59
475.56
475.27
475.89
475.23
475.28
475.24
475.92
475.75
475.76
475.26
475.60
475.62
475.94
475.77
475.29
475.79
475.52
475.00
476.25
476.57
476.23
476.73
476.27
476.76
476.92
476.91
476.98
476.94
476.75
476.02
476.58
476.21
476.77
476.24
476.31
476.68
476.52
476.90
476.62
476.55
476.30
477.59
477.20
478.00
477.26
477.72
477.27
477.24
477.99
477.96
477.92
477.93
477.25
477.77
477.31
477.29
477.68
477.28
477.63
477.75
477.22
477.81
478.23
478.48
478.20
478.76
478.03
478.92
478.26
478.59
478.57
478.27
478.95
478.52
478.28
478.31
478.97
478.29
479.28
479.90
479.72
479.76
479.00
480.00
479.24
479.92
479.77
479.78
479.26
479.25
479.64
479.96
479.29
479.95
479.59
479.81
479.80
480.72
480.61
480.58
480.76
480.78
480.73
480.24
480.75
480.56
480.25
480.26
480.29
480.28
480.60
480.17
480.27
480.79
480.80
480.81
481.58
481.60
481.55
481.76
481.50
481.25
481.57
481.59
481.26
481.92
481.73
481.28
481.27
481.52
481.29
481.30
481.69
481.96
482.24
482.92
482.22
482.51
482.58
482.48
482.93
482.75
482.59
482.60
482.28
482.26
482.30
483.46
483.25
483.94
483.24
483.74
483.55
483.22
483.72
483.77
483.23
483.27
483.79
483.61
483.93
483.29
483.78
483.88
483.05
484.23
484.58
484.25
484.26
484.80
484.00
484.21
484.60
484.75
484.57
484.73
484.77
484.29
484.93
484.92
484.62
484.30
484.31
484.74
484.05
485.23
485.56
485.93
485.59
485.79
485.72
485.51
485.77
485.58
485.28
485.22
485.27
485.29
485.76
485.26
485.82
485.65
485.24
486.25
486.90
486.60
486.51
486.89
486.49
486.23
486.26
486.95
486.76
486.27
486.29
486.77
486.62
486.94
486.31
486.79
486.93
486.63
487.58
487.02
487.90
487.74
487.61
487.24
487.77
487.23
487.28
487.79
487.27
487.26
487.76
487.25
487.92
487.75
487.31
487.96
487.97
487.56
488.92
488.24
488.27
488.75
488.73
488.80
488.78
488.74
488.60
488.28
488.26
488.61
488.29
488.25
488.77
488.56
489.06
489.57
489.26
489.74
489.28
489.24
489.49
489.00
489.25
489.29
489.76
489.27
489.78
489.61
489.31
489.19
489.77
490.79
490.93
490.58
490.56
490.27
490.28
490.29
490.77
490.71
490.25
490.90
490.95
490.74
490.50
490.60
490.24
490.94
490.26
490.75
490.30
490.81
490.62
490.22
491.75
491.90
491.91
491.61
491.92
491.59
491.25
491.27
491.29
491.81
491.28
491.21
491.60
491.30
491.56
492.91
492.22
492.58
492.26
492.23
492.90
492.28
492.69
492.94
492.78
492.92
492.27
492.74
492.80
492.30
492.24
492.61
492.25
492.81
492.63
493.56
493.49
493.01
493.25
493.80
493.74
493.73
493.93
493.29
493.27
493.77
493.28
493.76
493.23
493.26
493.79
493.58
493.30
493.78
493.65
493.84
494.91
494.25
494.51
494.24
494.72
494.99
494.27
494.26
494.29
494.77
494.58
494.60
494.01
494.94
494.95
494.74
494.92
494.23
494.78
494.30
494.06
495.93
495.26
495.25
495.92
495.59
495.22
495.60
495.77
495.61
495.76
495.94
495.23
495.29
495.80
495.95
495.81
495.74
496.25
496.76
496.91
496.92
496.77
496.78
496.59
496.24
496.28
496.93
496.90
496.29
496.79
496.95
496.30
496.32
496.98
496.07
497.23
497.60
497.01
497.73
497.92
497.78
497.76
497.72
497.90
497.80
497.91
497.75
497.50
497.25
497.77
497.62
497.28
497.24
497.27
497.98
497.31
498.23
498.01
498.92
498.29
498.27
498.91
498.94
498.76
498.59
498.75
498.53
498.72
498.24
498.62
498.28
498.81
498.77
498.30
498.80
498.56
498.32
499.56
499.49
499.23
499.91
499.26
499.75
499.92
499.25
499.28
499.27
499.61
499.95
499.29
499.80
499.62
499.74
499.85
500.51
500.26
500.24
500.58
500.73
500.79
500.25
500.76
500.74
500.78
500.28
500.77
500.21
500.27
500.94
500.31
500.80
500.34
500.29
500.30
500.59
500.22
500.81
500.53
501.88
501.25
501.26
501.76
501.24
501.78
501.62
501.79
501.64
501.61
501.96
501.28
501.19
501.77
502.57
502.25
502.93
502.80
502.78
502.28
502.27
502.30
502.29
502.04
502.26
502.24
502.81
502.65
502.82
503.78
503.52
503.91
503.26
503.27
503.75
503.76
503.28
503.30
503.29
503.11
504.57
504.26
504.28
504.25
504.76
504.21
504.01
504.77
504.91
505.11
505.79
505.31
505.50
505.76
505.75
505.99
505.23
505.29
505.58
505.28
505.72
505.25
505.27
505.62
505.60
505.93
505.97
505.06
505.47
506.55
506.26
506.28
506.98
506.25
506.92
506.73
506.79
506.57
506.31
506.78
506.30
506.96
506.27
506.77
506.82
506.85
507.73
507.55
507.25
507.76
507.92
507.27
507.93
507.26
507.60
507.28
507.24
507.61
507.81
507.23
507.77
507.29
507.80
507.31
507.79
507.94
507.62
507.52
507.78
507.37
507.14
508.21
508.79
508.27
508.58
508.49
508.93
508.60
508.25
508.77
508.75
508.24
508.72
508.94
508.29
508.57
508.80
508.74
508.28
508.03
508.30
508.76
508.97
508.32
508.33
509.91
509.25
509.27
509.49
509.95
509.78
509.76
509.51
509.24
509.94
509.77
509.61
509.93
509.79
509.81
509.26
509.28
509.60
509.65
509.72
509.30
509.62
509.73
509.89
509.80
509.82
509.57
510.02
510.75
510.76
510.24
510.00
510.59
510.98
510.01
510.62
510.23
510.27
510.94
510.26
510.73
510.79
510.92
510.29
511.98
511.30
511.78
511.92
511.28
511.27
511.57
511.79
511.76
511.25
511.31
511.29
511.32
511.96
511.26
511.51
511.65
511.33
511.70
511.38
512.77
512.57
512.75
512.95
512.28
512.70
512.26
512.93
512.27
512.76
512.74
512.92
512.79
512.24
512.29
512.30
512.78
512.22
512.98
512.06
512.34
513.25
513.26
513.27
513.62
513.28
513.80
513.23
513.77
513.79
513.30
513.33
513.31
513.29
513.53
513.96
513.94
513.76
513.58
513.83
514.93
514.27
514.77
514.59
514.76
514.58
514.80
514.26
514.25
514.28
514.04
514.31
514.29
514.30
514.36
515.74
515.26
515.93
515.92
515.91
515.75
515.53
515.27
515.94
515.25
515.29
515.77
515.95
515.76
515.88
515.30
515.78
515.55
515.56
515.63
515.80
515.37
516.29
516.93
516.25
516.24
516.92
516.80
516.78
516.50
516.27
516.30
516.26
516.72
516.75
516.04
516.31
516.74
516.82
516.32
516.57
517.28
517.31
517.26
517.01
517.25
517.27
517.29
517.76
517.79
517.32
517.77
517.33
518.26
518.93
518.25
518.89
518.79
518.73
518.77
518.24
518.21
518.28
518.75
518.83
518.60
518.30
518.76
518.64
518.32
518.34
519.61
519.77
519.78
519.27
519.51
519.92
519.58
519.74
519.30
519.63
519.29
519.26
519.28
520.58
520.28
520.91
520.56
520.81
520.74
520.21
520.79
520.31
520.96
520.33
520.97
520.64
520.65
521.14
521.92
521.77
521.74
521.24
521.80
521.29
521.90
521.61
521.54
521.76
521.82
521.94
521.59
521.28
521.27
521.34
521.31
521.81
521.30
521.26
521.32
522.24
522.59
522.57
522.25
522.93
522.30
522.50
522.27
522.31
522.29
522.26
522.74
522.78
522.81
522.60
522.77
522.28
522.79
522.64
522.97
522.63
522.32
523.60
523.76
523.59
523.26
523.75
523.92
523.94
523.79
523.95
523.28
523.77
523.31
523.30
523.29
523.80
523.32
523.78
523.27
523.61
523.25
523.00
523.82
524.27
524.75
524.28
524.95
524.51
524.29
524.90
524.76
524.60
524.92
524.26
524.58
524.93
524.57
524.79
524.56
524.61
524.62
524.74
524.80
524.98
524.83
524.33
524.89
524.36
524.39
524.37
524.88
525.94
525.26
525.22
525.93
525.50
525.58
525.81
525.25
525.61
525.29
525.28
525.53
525.24
525.60
525.78
525.27
525.30
525.34
525.31
525.33
526.26
526.91
526.29
526.28
526.33
526.24
526.30
526.90
526.60
526.62
526.74
526.80
526.32
526.94
526.61
526.79
526.64
526.96
526.27
526.83
526.66
528.00
527.94
527.78
527.27
527.76
527.59
527.29
527.73
527.75
527.32
527.61
527.83
527.79
527.97
527.31
527.81
527.28
527.33
527.77
528.24
528.26
528.25
528.52
528.61
528.76
528.28
528.30
528.51
528.50
528.23
528.79
528.63
528.80
528.78
528.64
528.32
528.56
528.27
528.08
528.87
529.28
529.60
529.92
529.80
529.76
529.25
529.32
529.63
529.79
529.96
529.30
529.62
529.29
529.27
529.26
529.93
529.61
529.81
529.09
529.17
530.28
530.78
530.25
530.89
530.76
530.80
530.03
530.32
530.29
530.95
530.79
530.81
530.96
530.82
530.77
530.26
530.65
530.34
530.37
531.26
531.93
531.27
531.30
531.59
531.29
531.31
531.78
531.28
531.34
531.32
531.61
531.94
531.62
531.25
531.52
531.82
531.72
531.84
531.83
531.58
532.24
532.25
532.75
532.01
532.28
532.77
532.92
532.27
532.78
532.55
532.30
532.96
532.99
532.97
532.64
532.29
532.31
532.26
532.82
532.32
532.00
532.80
532.08
533.59
533.02
533.26
533.24
533.82
533.60
533.56
533.27
533.76
533.34
533.79
533.28
533.95
533.74
533.32
533.00
533.85
534.25
534.61
534.29
534.94
534.27
534.30
534.63
534.84
534.81
535.27
535.64
535.33
535.34
535.29
535.25
535.30
535.32
536.79
536.76
536.29
536.16
536.74
536.94
536.31
536.27
536.63
537.01
537.92
537.28
537.32
537.31
537.29
537.81
537.25
537.30
537.86
538.74
538.62
538.29
538.80
538.76
538.79
538.26
538.96
538.30
538.81
538.28
538.27
538.33
538.40
538.90
539.92
539.80
539.27
539.90
539.25
539.24
539.32
539.05
539.02
539.29
539.54
539.31
539.30
539.63
539.79
539.84
540.30
540.28
540.74
540.76
540.79
540.96
540.75
540.03
540.24
540.25
540.04
540.27
540.33
540.35
541.94
541.79
541.26
541.51
541.73
541.28
541.81
541.61
541.31
541.32
541.76
541.78
541.27
541.34
541.29
541.00
542.93
542.62
542.28
542.25
542.61
542.57
542.76
542.79
542.24
542.97
542.63
542.95
542.64
542.81
542.01
542.33
542.27
542.80
542.34
542.59
543.95
543.28
543.94
543.96
543.26
543.63
543.29
543.55
543.82
543.78
543.31
543.83
544.28
544.30
544.31
544.26
544.27
544.77
544.59
544.24
544.32
544.61
544.97
544.78
544.79
544.53
544.33
544.29
544.37
544.39
545.27
545.24
545.29
545.49
545.02
545.28
545.31
545.92
545.30
545.26
545.80
545.95
545.79
546.94
546.25
546.27
546.26
546.59
546.78
546.79
546.77
546.32
546.80
546.30
546.28
546.53
546.62
546.29
546.31
546.33
546.84
546.68
546.85
546.60
547.76
547.01
547.95
547.27
547.94
547.98
547.80
547.29
547.93
547.79
547.28
547.30
547.78
547.96
547.25
547.65
547.73
547.81
547.75
547.32
547.99
547.66
547.33
547.68
547.60
547.14
547.47
548.26
548.77
548.87
548.61
548.25
548.82
548.30
548.94
548.83
548.74
548.29
548.80
548.96
548.27
548.85
548.01
548.31
548.32
548.33
548.35
548.64
548.62
549.93
549.29
549.95
549.79
549.65
549.97
549.64
549.30
549.27
549.54
549.23
549.34
549.80
549.63
549.33
549.09
549.76
550.29
550.24
550.26
550.28
550.92
550.27
550.93
550.62
550.80
550.81
550.25
550.31
550.97
550.30
550.23
550.63
550.34
550.78
550.32
550.65
550.33
550.00
550.09
550.85
551.25
551.29
551.96
551.30
551.91
551.27
551.94
551.92
551.31
551.81
551.26
551.79
551.32
551.55
551.66
551.18
551.35
551.38
552.27
552.26
552.78
552.93
552.58
552.81
552.29
552.77
552.31
552.79
552.30
552.62
552.80
552.61
552.25
552.32
552.82
552.28
552.33
552.35
552.37
552.42
552.41
552.92
553.01
553.78
553.92
553.96
553.29
553.79
553.26
553.77
553.97
553.60
553.61
553.52
553.33
553.31
553.64
553.65
553.36
553.34
553.85
553.27
554.60
554.25
554.59
554.95
554.53
554.79
554.28
554.31
554.83
554.27
554.29
554.26
554.80
554.76
554.98
554.81
554.06
554.82
554.62
554.10
554.35
554.43
555.58
555.62
555.33
555.61
555.24
555.77
555.26
555.29
555.28
555.31
555.35
555.96
555.80
555.83
555.32
555.68
556.60
556.25
556.94
556.26
556.27
556.61
556.30
556.80
556.22
556.24
556.29
556.28
556.75
556.62
556.83
556.81
556.33
556.36
556.84
556.59
556.01
556.34
557.77
557.59
557.30
557.02
557.76
557.55
557.29
557.94
557.26
557.81
557.33
557.96
557.03
557.31
557.22
557.32
557.64
557.28
557.79
558.00
557.60
557.85
558.24
558.29
558.31
558.27
558.82
558.05
558.61
558.78
558.33
558.06
558.77
558.30
558.21
558.81
558.79
558.35
558.76
558.38
559.96
559.27
559.62
559.31
559.29
559.24
559.80
559.34
559.32
559.28
559.63
559.36
559.83
559.14
560.25
560.75
560.61
560.95
560.76
560.58
560.53
560.28
560.77
560.81
560.60
560.63
560.91
560.74
560.59
560.33
560.96
560.31
560.29
560.82
560.84
560.34
560.36
561.96
561.63
561.51
561.60
561.24
561.28
561.29
561.80
561.32
561.27
561.30
561.31
561.75
561.85
561.81
561.73
561.26
561.35
561.69
561.78
561.10
561.68
562.98
562.27
562.29
562.31
562.95
562.61
562.63
562.82
562.32
562.30
562.77
562.23
562.81
562.78
562.83
562.54
562.07
562.34
562.80
562.33
562.36
562.86
562.11
563.99
563.33
563.94
563.28
563.30
563.55
563.95
563.63
563.61
563.29
563.79
563.80
563.07
563.35
563.84
563.82
563.31
563.48
564.94
564.30
564.91
564.75
564.62
564.27
564.93
564.26
564.32
564.80
564.31
564.29
564.81
564.34
564.33
564.36
564.21
564.79
564.96
564.68
564.60
565.50
565.03
565.63
565.52
565.62
565.29
565.25
565.30
565.80
565.32
565.92
565.77
565.23
565.79
565.56
565.81
565.61
565.93
565.18
565.82
565.76
565.35
565.78
566.01
566.26
566.63
566.61
566.32
566.60
566.54
566.96
566.28
566.30
566.83
566.33
566.79
566.77
566.62
566.66
566.80
566.67
566.98
566.31
566.40
566.43
566.93
567.03
567.60
567.30
567.31
567.28
567.82
567.26
567.97
567.63
567.27
567.96
567.29
567.84
567.85
567.43
568.61
568.94
568.24
568.65
568.03
568.97
568.28
568.91
568.78
568.80
568.56
568.66
568.79
568.27
568.86
568.84
568.82
568.30
568.95
568.76
568.62
568.74
568.33
568.34
568.22
568.85
568.36
568.29
568.32
568.39
569.93
569.30
569.03
569.62
569.28
569.97
569.78
569.59
569.27
569.37
569.26
569.00
569.35
569.76
569.36
569.11
569.19
570.62
570.26
570.00
570.75
570.79
570.82
570.23
570.95
570.78
570.77
570.29
570.28
570.32
570.81
570.31
570.35
570.83
570.99
570.69
570.30
571.31
571.32
571.28
571.26
571.83
571.81
571.35
571.77
571.34
571.79
571.36
571.53
572.53
572.78
572.24
572.26
572.59
572.27
572.66
572.79
572.61
572.82
572.97
572.80
572.83
572.32
572.29
572.65
572.31
572.85
572.67
572.33
572.84
572.81
572.11
572.86
572.36
572.40
572.44
573.78
573.29
573.76
573.80
573.03
573.61
573.28
573.04
573.31
573.82
573.83
573.32
573.77
573.96
573.79
573.33
573.84
573.25
573.27
573.85
573.06
573.99
573.30
573.54
574.27
574.53
574.75
574.26
574.98
574.79
574.31
574.80
574.30
574.33
574.62
574.40
575.25
575.51
575.03
575.31
575.29
575.81
575.30
575.34
575.32
575.05
575.78
575.68
575.56
575.54
575.84
575.80
575.35
575.61
576.29
576.97
576.04
576.79
576.82
576.30
576.32
576.81
576.67
576.92
576.80
576.95
576.27
576.02
576.31
576.00
576.03
577.13
577.73
577.77
577.94
577.79
577.27
577.61
577.28
577.33
577.30
577.36
577.29
577.65
577.32
577.80
577.83
577.82
577.34
577.31
577.25
577.37
578.25
578.31
578.72
578.33
578.94
578.27
578.82
578.80
578.77
578.29
578.63
578.34
578.35
578.32
578.85
578.10
579.61
579.28
579.29
579.59
579.79
579.76
579.32
579.33
579.82
579.35
579.96
579.31
579.04
579.22
579.85
579.34
579.81
579.69
579.86
580.56
580.53
580.29
580.95
580.28
580.26
580.79
580.78
580.32
580.30
580.81
580.35
580.00
580.58
580.34
580.99
580.64
580.31
580.36
580.69
581.79
581.27
581.30
581.95
581.63
581.78
581.03
581.28
581.96
581.29
581.31
581.91
581.97
581.64
581.80
581.66
581.53
581.34
581.67
581.84
581.83
581.37
581.70
581.77
581.41
582.27
582.51
582.95
582.29
582.83
582.25
582.35
582.33
582.28
582.80
582.78
582.97
582.30
582.32
582.77
582.34
582.26
582.99
582.85
582.11
582.36
583.31
583.30
583.79
583.27
583.86
583.29
583.32
583.63
583.35
583.76
583.34
583.33
583.66
583.64
583.38
583.78
583.80
583.83
584.28
584.51
584.80
584.30
584.54
584.04
584.76
584.21
584.34
584.32
584.84
584.79
584.58
584.81
584.83
584.29
585.00
584.27
584.63
584.35
584.01
584.12
585.96
585.32
585.30
585.78
585.86
585.98
585.36
585.33
585.81
585.31
585.83
585.82
585.03
585.35
585.73
585.26
585.40
586.96
586.94
586.27
586.31
586.28
586.29
586.82
586.26
586.79
586.84
586.32
586.80
586.81
586.77
586.98
586.83
586.85
586.07
586.66
586.30
586.24
586.33
586.34
586.03
586.61
587.25
587.82
587.30
587.78
587.64
587.59
587.29
587.62
587.98
587.28
587.04
587.33
587.80
587.34
587.81
587.27
587.06
587.65
587.83
587.77
587.96
587.37
587.31
587.86
587.35
587.36
587.85
587.32
587.79
588.73
588.32
588.01
588.96
588.63
588.94
588.75
588.30
588.78
588.77
588.64
588.81
588.82
588.84
588.05
588.55
588.34
588.98
588.27
588.65
588.33
588.36
588.25
588.28
588.31
588.40
588.41
589.75
589.27
589.98
589.60
589.79
589.34
589.29
589.03
589.32
589.05
589.31
589.99
589.33
589.84
589.30
589.86
589.69
589.36
589.40
590.80
590.79
590.78
590.24
590.31
590.33
590.29
590.82
590.81
590.28
590.56
590.63
590.04
590.30
590.85
590.36
590.35
590.84
591.00
590.87
590.70
591.55
591.28
591.64
591.63
591.76
591.79
591.80
591.75
591.32
591.29
591.31
591.83
591.81
591.36
591.35
591.85
591.04
591.38
591.62
592.96
592.29
592.33
592.64
592.28
592.98
592.09
592.30
592.35
592.67
592.81
592.31
592.37
592.83
592.82
593.16
593.01
593.54
593.71
593.59
593.75
593.81
593.29
593.64
593.79
593.30
593.31
593.33
593.82
593.65
593.85
593.83
593.99
593.28
593.86
593.87
593.36
594.77
594.03
594.97
594.93
594.80
594.32
594.00
594.31
594.96
594.29
594.63
594.26
594.28
594.85
594.82
594.30
594.35
594.78
594.33
594.34
594.36
594.83
594.12
595.16
595.99
595.97
595.80
595.27
595.62
595.95
595.64
595.35
595.34
595.32
595.81
595.77
595.31
595.83
595.30
595.04
595.94
595.33
595.82
595.36
595.07
595.13
595.40
596.82
596.31
596.07
596.32
596.27
596.78
596.28
596.59
596.29
596.97
596.34
596.64
596.30
596.87
596.33
596.38
596.41
596.44
597.80
597.96
597.54
597.77
597.79
597.94
597.84
597.26
597.30
597.82
597.27
597.32
597.29
597.78
597.65
597.66
597.31
597.34
597.33
597.86
597.36
597.87
597.76
597.83
597.37
597.62
598.02
598.79
598.93
598.96
598.83
598.81
598.28
598.76
598.30
598.55
598.06
598.65
598.68
598.84
598.82
598.32
598.85
598.12
599.97
599.76
599.96
599.75
599.29
599.27
599.32
599.30
599.33
599.34
599.79
599.86
599.67
599.38
599.35
599.80
599.70
599.71
600.30
600.28
600.51
600.32
600.62
600.81
600.05
600.29
600.33
600.06
600.80
600.27
600.34
600.31
600.26
600.35
600.65
600.25
600.01
600.99
600.63
600.77
600.04
600.36
600.38
601.04
601.30
601.32
601.29
601.65
601.76
601.83
601.77
601.82
601.81
601.36
601.31
601.64
601.33
601.85
601.67
601.34
601.86
602.82
602.80
602.81
602.64
602.79
602.59
602.35
602.33
602.27
602.30
602.84
602.34
602.83
602.25
602.26
602.31
602.00
602.37
602.63
602.13
602.41
603.82
603.52
603.74
603.34
603.28
603.31
603.96
603.29
603.30
603.39
603.00
603.80
603.64
603.83
603.38
603.42
604.84
604.63
604.94
604.30
604.29
604.34
604.79
604.28
604.31
604.36
604.64
604.37
604.89
604.85
604.33
604.38
604.86
604.81
605.28
605.02
605.24
605.83
605.76
605.05
605.03
605.32
605.30
605.33
605.78
605.63
605.31
605.29
605.62
605.35
605.54
605.81
605.69
605.87
605.95
605.38
605.71
605.12
606.56
606.76
606.28
606.32
606.64
606.29
606.84
606.80
606.36
606.31
606.30
606.34
606.35
606.68
606.78
606.82
606.97
606.57
606.79
606.37
606.85
606.81
606.39
606.38
606.13
607.51
607.28
607.77
607.06
607.82
607.02
607.76
607.81
607.31
607.62
607.75
607.98
607.29
607.67
607.84
607.35
607.34
607.96
607.01
607.30
608.83
608.56
608.34
608.29
608.66
608.99
608.65
608.86
608.33
608.39
608.31
608.77
609.31
609.35
609.29
609.80
609.32
609.97
609.33
609.84
609.37
610.30
610.63
610.85
610.18
610.01
610.80
610.81
610.83
610.61
610.34
611.32
611.81
611.04
611.82
611.83
611.79
611.34
611.37
611.31
611.98
611.18
611.29
611.58
611.67
612.33
612.52
612.24
612.65
612.28
612.26
612.63
612.30
612.31
612.76
612.37
612.01
612.82
612.34
612.83
612.81
612.59
612.35
612.86
612.88
612.18
612.42
613.18
613.28
613.33
613.79
613.85
613.29
613.66
613.35
613.31
613.34
613.64
613.83
613.30
613.32
613.65
613.81
613.26
614.32
614.35
614.29
614.26
614.95
614.36
615.00
614.37
614.81
614.85
614.39
614.99
614.87
614.31
614.34
614.83
614.80
614.33
614.38
614.71
615.29
615.31
615.32
615.64
616.00
615.33
615.81
615.30
615.99
615.34
615.82
615.86
615.65
615.72
615.88
615.38
615.63
616.77
616.79
616.65
616.30
616.35
616.31
616.57
616.71
616.32
616.34
616.85
616.36
616.80
616.87
616.84
616.29
616.67
616.81
616.33
616.43
617.95
617.30
617.31
617.94
617.81
617.80
617.37
617.33
617.65
617.86
617.35
617.29
617.66
617.32
617.97
617.11
617.85
617.26
617.14
617.40
618.74
618.65
618.50
618.28
618.25
618.34
618.61
618.84
618.29
618.79
618.35
618.32
618.31
618.33
618.96
618.82
618.36
618.83
618.58
618.77
618.68
618.85
618.62
618.42
619.03
619.33
619.29
619.65
619.61
619.31
619.30
619.27
619.64
619.28
619.82
619.36
619.98
619.99
619.79
619.01
619.85
619.38
619.37
619.63
619.39
620.80
620.24
620.66
620.32
620.99
620.84
620.26
620.81
620.85
620.56
620.93
620.31
620.34
620.82
620.35
620.01
620.67
620.05
620.39
621.67
621.29
621.63
621.31
621.65
621.33
621.32
621.99
621.83
621.85
621.35
621.86
621.30
621.39
621.06
621.40
621.38
622.75
622.80
622.86
622.27
622.83
622.37
622.32
622.82
622.33
622.84
622.34
622.39
622.85
622.36
622.31
622.88
622.13
623.30
623.29
623.33
623.97
623.81
623.80
623.85
623.24
623.87
623.84
623.35
624.00
623.36
623.02
623.79
623.82
623.68
623.78
623.88
623.83
623.03
623.89
623.64
623.18
624.30
624.82
624.95
624.79
624.81
624.77
624.34
624.62
624.97
624.33
624.31
624.29
624.37
624.12
624.85
624.35
624.98
624.83
624.57
624.27
624.87
624.05
624.64
625.28
625.78
625.29
625.32
625.65
625.55
625.33
625.34
626.00
625.64
625.79
625.63
625.82
625.35
625.86
625.84
625.73
625.43
626.82
626.30
626.79
627.00
626.83
626.87
626.31
626.29
626.81
626.33
626.07
626.64
626.37
626.02
626.32
626.36
626.26
626.01
626.38
626.86
626.88
626.06
627.28
627.84
627.31
627.80
627.35
627.08
627.27
627.37
627.36
627.83
627.85
627.32
627.89
627.87
627.33
627.86
627.81
627.14
628.33
628.06
628.85
628.31
628.96
628.37
628.84
628.35
628.57
628.30
628.79
628.29
628.36
628.88
628.89
628.83
628.03
628.15
628.39
628.19
629.03
629.95
629.63
629.52
629.33
629.82
629.30
629.85
629.67
629.35
629.26
629.86
629.01
629.34
629.32
629.83
629.37
629.99
629.36
629.88
629.80
629.31
629.02
629.39
629.05
630.78
630.24
630.28
630.86
630.00
630.85
630.42
630.80
630.30
630.81
630.79
630.35
630.83
630.67
630.33
630.36
630.32
630.84
630.70
630.10
630.39
630.37
630.87
630.06
630.64
631.79
631.28
631.29
631.62
631.30
631.80
631.33
631.32
631.85
631.35
631.82
631.86
631.02
631.66
631.14
632.31
632.65
632.30
632.82
632.36
632.32
632.80
632.34
632.24
632.37
632.41
632.11
632.78
632.83
632.85
632.35
632.81
632.04
632.71
633.28
633.83
633.29
633.80
633.31
633.27
633.32
633.33
633.86
633.35
633.30
633.36
633.00
633.37
633.01
633.85
633.69
633.34
633.89
633.13
634.53
634.85
634.54
634.80
634.27
634.82
634.32
634.63
634.83
634.79
634.99
634.38
634.35
634.06
634.84
634.33
634.31
634.41
634.36
634.26
634.81
634.89
634.73
634.90
635.84
635.33
635.82
635.26
635.86
635.78
635.30
635.36
635.39
635.35
635.31
635.01
635.34
635.85
636.00
635.38
635.32
635.69
635.79
635.65
635.40
636.81
636.62
636.56
636.60
636.30
636.31
636.87
636.35
636.29
636.65
636.24
636.84
636.33
636.40
636.34
636.38
636.80
637.30
637.05
638.00
637.32
637.80
637.31
637.36
637.81
637.82
637.29
637.66
637.64
637.35
637.37
637.34
637.72
637.33
637.85
637.86
637.14
638.82
638.66
638.33
638.32
638.84
638.87
638.76
638.31
638.30
638.36
638.83
638.01
638.29
638.59
638.71
638.34
638.69
638.27
638.05
638.38
638.35
638.40
638.90
639.84
639.01
639.31
639.80
639.30
639.86
639.37
639.67
639.35
639.34
639.83
639.81
639.87
639.79
639.27
639.70
639.88
639.39
639.33
639.16
640.76
640.51
640.28
640.32
640.66
640.30
640.63
640.33
640.83
640.10
640.31
640.85
640.84
640.08
640.03
640.35
640.41
640.81
640.34
640.04
640.89
640.37
640.40
640.74
640.39
640.44
641.77
641.52
641.80
641.84
641.98
641.29
641.30
641.36
641.35
641.82
641.27
641.31
641.57
641.33
641.39
641.38
641.85
641.34
641.37
641.88
641.62
641.90
641.65
642.32
642.59
642.28
642.35
642.83
642.69
642.80
642.38
642.86
642.36
642.31
642.34
642.89
642.79
642.40
643.29
643.34
643.28
643.24
643.54
643.31
643.06
643.07
643.37
643.32
643.79
643.96
643.35
643.38
643.83
643.82
643.30
643.86
643.87
643.99
643.36
643.39
643.41
643.33
643.73
644.64
644.29
644.63
644.33
644.67
644.83
644.32
644.81
644.34
644.87
644.36
644.59
644.82
644.08
644.85
644.35
644.31
644.37
644.70
644.01
644.68
644.39
645.57
645.81
645.77
645.97
645.06
645.80
645.33
645.27
645.79
645.35
645.29
645.34
645.36
645.07
645.38
645.28
645.41
645.09
645.32
645.89
645.39
645.02
645.90
646.08
646.54
646.34
646.85
646.77
646.32
646.65
646.07
646.31
646.82
646.84
646.58
646.83
646.36
646.39
646.37
646.90
646.33
646.35
646.89
646.66
647.82
647.98
647.33
647.32
647.01
647.30
647.31
647.67
647.80
647.35
647.36
647.81
647.34
647.83
647.00
647.66
647.28
647.59
647.29
647.11
647.68
647.71
647.45
648.07
648.81
648.99
648.68
648.36
648.04
648.88
648.02
648.34
648.35
648.11
648.82
648.38
648.80
648.39
648.90
648.40
648.15
649.29
649.32
649.63
649.68
649.04
649.85
649.65
649.35
649.34
649.87
649.84
649.36
649.39
649.40
649.90
649.83
649.02
649.41
649.71
649.38
649.91
650.78
650.31
650.27
650.32
650.33
650.87
650.36
650.82
650.34
650.37
650.00
650.88
650.39
650.69
650.01
650.35
650.80
650.40
651.33
651.81
651.95
651.32
651.85
651.83
651.28
651.73
651.34
651.31
651.29
651.30
651.96
651.70
651.80
651.87
651.82
651.37
651.77
651.69
651.59
651.00
651.02
651.03
652.28
652.31
652.65
652.81
652.80
652.32
652.00
652.36
652.79
652.83
652.33
652.34
652.41
652.82
652.88
652.40
652.67
652.73
652.39
653.84
653.54
653.86
653.33
653.35
653.85
653.34
654.00
653.73
653.06
653.66
654.76
654.33
654.31
654.83
654.82
654.34
654.32
654.77
654.35
654.87
654.30
654.85
654.36
654.38
654.67
654.03
654.90
654.45
655.29
655.30
655.34
655.80
655.31
655.33
655.87
655.32
655.98
655.02
655.81
655.84
655.86
655.38
655.01
655.35
655.85
655.88
655.68
655.40
655.08
655.65
655.72
656.62
656.34
656.31
656.77
656.98
656.82
656.80
656.63
656.86
656.88
656.33
656.27
656.36
656.30
656.84
656.02
656.87
656.35
656.05
656.38
656.91
656.06
656.39
656.66
656.01
657.31
657.80
657.36
657.98
657.04
657.34
657.85
657.27
657.84
657.29
657.86
657.33
657.02
657.35
657.39
657.38
658.00
657.37
657.70
657.88
657.67
657.41
658.33
658.80
658.83
658.05
658.34
658.67
658.84
658.99
658.35
658.38
658.82
658.85
658.87
658.30
658.81
658.31
658.01
658.41
658.36
658.74
658.70
659.34
659.31
659.81
659.80
659.33
659.30
659.38
659.35
659.86
659.01
659.36
659.67
659.85
659.72
659.99
659.89
659.40
659.42
659.92
659.91
659.03
659.90
660.97
660.38
660.34
660.36
660.79
660.83
660.58
660.39
660.81
660.35
660.86
660.37
660.33
660.85
660.90
660.82
660.84
661.54
661.06
661.82
661.55
661.32
661.65
661.31
661.81
661.38
661.33
661.77
661.34
661.84
661.37
661.40
661.36
661.72
661.68
661.73
661.14
661.42
662.68
662.97
662.82
662.99
662.02
662.84
662.83
662.33
662.86
662.35
662.38
662.36
662.71
662.39
662.31
662.03
662.81
662.06
662.66
663.81
663.85
663.82
663.84
663.67
663.32
663.38
663.37
663.31
663.35
663.34
663.80
663.68
663.87
663.02
663.90
663.91
663.33
663.66
663.39
663.41
664.85
664.01
664.82
664.87
664.36
664.33
664.35
664.58
664.89
664.37
664.86
664.57
664.30
664.41
664.42
664.88
664.38
664.03
664.39
664.90
664.46
665.34
665.30
665.86
665.85
665.68
665.35
665.81
665.66
665.87
665.88
665.01
665.38
665.82
665.36
665.39
665.42
665.84
665.32
665.08
665.05
666.57
666.32
666.96
666.81
666.28
666.83
666.66
666.82
666.35
666.34
666.31
666.29
666.87
666.86
666.99
666.39
666.84
666.38
666.37
666.15
667.31
667.58
667.34
667.84
667.86
667.38
667.83
667.40
667.35
667.88
667.36
667.99
667.85
667.89
667.74
667.92
668.34
668.99
668.31
668.83
668.88
668.86
668.32
668.02
668.80
668.33
668.72
668.82
668.81
668.38
668.64
668.70
669.05
669.65
669.32
669.82
669.30
669.28
669.83
669.38
669.68
669.87
669.34
669.89
669.36
669.88
669.01
669.37
669.70
669.06
670.33
670.32
670.86
670.60
670.81
670.84
670.05
670.82
670.38
670.29
670.09
670.34
670.89
670.41
670.85
670.02
670.35
670.66
670.40
671.29
671.32
671.30
671.37
671.35
671.81
671.33
671.90
671.28
671.67
671.86
671.34
671.85
671.02
671.63
671.88
671.39
671.40
672.37
672.98
672.35
672.31
672.36
672.01
672.02
672.39
672.68
672.33
672.40
672.69
672.38
672.82
672.41
672.84
672.87
672.17
673.83
673.80
673.33
673.81
673.98
673.75
673.00
673.35
673.88
673.67
673.86
673.38
673.09
673.34
673.32
673.68
673.03
673.70
673.91
673.37
673.39
673.41
674.00
674.34
674.84
674.40
674.37
674.12
674.38
674.70
674.35
674.86
674.39
674.90
674.91
674.41
674.29
674.42
674.85
674.92
674.67
674.33
674.71
676.00
675.63
675.28
675.36
675.32
675.81
675.83
675.34
675.85
675.33
675.91
675.35
675.01
675.03
675.38
675.06
675.42
676.82
676.29
676.27
676.01
676.83
676.34
676.84
676.31
676.37
676.36
676.39
676.35
676.73
676.12
676.89
676.88
676.40
676.99
676.71
676.32
676.91
676.81
677.81
677.05
677.08
677.82
677.31
677.35
677.91
677.39
677.89
677.72
677.36
677.40
677.33
677.85
677.88
677.74
677.16
677.01
678.98
678.88
678.33
678.97
678.31
678.32
678.86
678.36
678.35
678.90
678.80
678.87
678.06
678.81
678.39
678.40
678.92
678.34
678.76
678.42
679.67
679.31
679.81
679.26
679.80
679.83
679.35
679.86
679.11
679.33
679.87
679.37
679.34
679.85
679.84
679.02
679.41
679.89
679.74
679.17
680.84
680.30
680.66
680.34
680.83
680.37
680.86
680.80
680.36
680.70
680.32
680.88
680.35
680.69
680.40
680.31
680.89
681.82
681.79
681.36
681.84
681.35
681.34
681.37
681.32
681.33
681.58
681.10
681.31
681.01
681.14
681.88
681.42
682.64
682.30
682.83
682.31
682.69
682.38
682.66
682.81
682.90
682.39
682.72
683.86
683.85
683.31
683.33
683.34
683.35
683.41
683.32
683.91
683.36
683.82
683.87
683.84
683.89
683.18
683.21
683.20
684.82
684.37
684.71
684.59
684.34
684.88
684.41
684.38
684.83
684.36
684.04
684.39
684.20
684.43
684.89
685.07
685.68
685.30
685.39
685.35
685.38
685.84
685.29
685.86
685.82
685.00
685.37
685.89
685.99
685.33
685.05
685.11
685.06
685.85
685.92
685.36
685.91
685.32
685.41
685.43
685.87
685.74
685.67
686.80
686.20
686.83
687.00
686.81
686.86
686.32
686.85
686.69
686.37
686.34
686.88
686.63
686.33
686.40
686.84
686.05
687.66
687.35
687.88
687.87
687.34
687.31
687.99
687.37
687.84
687.68
687.33
687.41
687.71
687.40
687.39
687.65
687.86
687.85
687.43
687.91
687.36
687.76
688.78
688.08
688.33
688.82
688.32
688.35
688.84
688.81
688.86
688.87
688.36
688.40
688.37
688.73
688.41
688.34
688.76
688.09
688.39
688.17
688.89
689.83
689.33
689.34
689.37
689.39
689.85
689.36
689.81
689.84
689.35
689.01
689.38
689.42
689.88
689.47
689.06
689.93
690.69
690.34
690.05
690.35
690.33
690.83
690.38
690.80
690.37
690.84
690.85
690.91
690.61
690.41
690.88
690.89
690.40
690.87
690.36
690.50
691.37
691.33
691.85
691.28
691.35
691.83
691.29
692.00
691.32
691.04
691.69
691.36
691.10
691.84
692.31
692.65
692.04
692.37
692.80
692.36
692.33
692.83
692.81
692.71
692.84
692.40
692.90
692.34
692.41
692.07
692.43
692.86
692.92
693.03
693.01
693.86
693.85
693.36
693.35
693.34
693.63
693.39
693.88
693.90
693.68
693.40
693.42
693.41
693.91
693.92
694.37
694.84
694.38
694.34
694.40
694.41
694.91
694.88
694.32
694.30
694.89
694.66
694.67
694.82
694.73
694.36
694.42
694.93
694.44
695.31
695.80
695.33
695.87
695.86
695.83
695.99
695.36
695.41
695.70
695.88
695.35
695.82
695.34
695.38
695.64
695.43
695.40
695.84
695.90
696.81
696.33
696.37
696.31
696.85
696.32
696.36
696.04
696.34
696.86
696.38
696.87
696.84
696.05
696.35
696.71
696.68
696.93
696.44
697.99
697.85
697.38
697.88
697.31
697.80
697.33
697.34
697.37
697.05
697.61
697.36
697.41
697.39
697.87
698.84
698.31
698.38
698.86
698.37
698.36
698.35
698.70
698.39
698.33
698.91
698.40
699.04
699.27
699.36
699.91
699.40
699.35
699.37
699.70
699.38
699.84
699.39
699.03
699.81
699.31
699.41
699.89
699.11
699.43
700.32
700.99
700.66
700.34
700.79
700.85
700.88
700.31
700.83
700.39
700.03
700.93
700.84
700.94
700.42
701.36
701.38
701.40
701.81
701.35
701.37
701.42
701.88
701.02
701.87
701.39
701.44
701.43
702.85
702.33
702.82
702.40
702.37
702.36
702.38
702.41
702.86
702.05
702.32
702.87
702.07
702.42
702.43
704.00
703.32
703.63
703.81
703.67
703.36
703.83
703.02
703.37
703.87
703.38
703.92
703.34
703.35
703.68
703.86
703.84
703.43
704.84
704.35
704.34
704.61
704.80
704.38
704.31
704.40
704.87
704.37
704.88
704.41
704.82
704.03
704.92
705.34
705.54
705.82
705.33
705.36
705.35
705.69
705.41
705.39
705.85
705.40
705.03
705.80
705.38
705.63
705.32
705.09
705.19
706.32
706.34
706.89
706.38
706.36
706.40
706.83
706.70
706.78
706.85
706.35
706.72
706.93
706.39
706.87
706.37
706.50
706.04
707.98
707.83
707.35
707.34
707.75
707.30
707.69
707.40
707.84
707.37
707.86
707.89
707.70
707.62
707.85
707.38
707.90
707.07
707.88
707.41
707.94
708.02
708.87
708.85
708.38
708.65
708.82
708.35
708.36
708.42
708.01
708.40
708.84
708.89
708.83
708.75
708.39
708.43
708.44
708.80
709.61
710.00
709.33
709.35
709.85
709.83
709.37
709.34
709.86
709.36
709.06
709.77
709.03
709.39
709.04
709.32
709.38
709.42
709.43
709.40
709.45
709.80
709.08
709.09
709.11
709.89
710.38
710.35
710.89
710.88
710.83
710.86
710.62
710.37
710.34
710.84
710.05
710.92
710.41
711.85
711.38
711.32
711.03
711.30
711.31
711.34
711.35
711.88
711.86
711.87
711.40
711.84
711.41
711.36
711.93
711.69
712.08
712.84
712.82
712.35
712.93
712.33
712.90
712.85
712.86
712.37
712.38
712.88
712.43
712.39
712.89
712.19
713.00
713.33
713.32
713.35
713.83
713.38
713.86
713.36
713.42
713.91
713.05
713.90
713.92
713.39
713.78
713.87
713.43
714.31
714.34
714.87
714.36
714.69
714.78
714.80
714.29
714.83
714.35
714.32
714.89
714.84
714.39
714.72
714.94
714.43
715.06
715.31
715.02
715.01
715.36
715.40
715.86
715.30
715.87
715.38
715.33
715.75
715.34
715.42
715.43
716.32
716.85
716.37
716.86
716.35
716.39
716.38
716.84
716.40
716.92
716.43
716.42
716.20
717.34
717.38
717.85
717.86
717.01
717.41
717.35
717.05
717.69
717.42
717.40
717.66
717.08
717.11
717.78
718.30
718.36
718.85
718.39
718.33
718.40
718.00
718.04
718.41
718.38
718.87
718.69
719.81
719.34
719.32
719.84
719.37
719.90
719.35
719.87
719.85
719.42
719.41
719.30
719.38
719.36
719.88
719.75
719.91
719.80
720.98
720.32
720.34
720.35
720.86
720.39
720.90
720.85
720.37
720.36
720.16
720.83
720.87
720.38
720.42
720.43
720.14
721.36
721.07
721.68
721.81
721.86
721.88
721.83
721.41
721.34
721.37
722.32
722.28
722.29
722.36
722.37
722.84
722.85
722.34
722.87
722.39
722.40
722.33
722.90
722.38
722.88
722.86
722.42
722.43
723.36
723.59
723.35
723.37
723.89
723.81
723.86
723.44
723.33
723.70
723.38
723.85
723.92
724.35
724.67
724.83
724.99
724.34
724.84
724.33
724.40
724.37
724.87
724.65
724.43
724.70
724.76
725.86
725.36
725.71
725.88
725.35
725.89
725.68
725.42
725.84
725.32
725.91
725.87
725.75
725.76
725.83
725.39
725.09
725.69
725.85
726.65
726.87
726.38
726.33
726.35
726.37
726.39
726.82
726.81
726.85
726.88
726.41
726.04
726.40
726.09
726.23
726.75
727.32
727.88
727.65
727.87
727.74
727.89
727.37
727.40
727.30
727.80
727.35
727.36
727.38
727.92
727.41
727.91
727.77
727.08
728.35
728.33
728.39
728.86
728.41
728.06
728.92
728.42
728.43
728.90
728.36
728.40
728.09
728.32
728.24
729.31
729.81
729.33
729.89
729.38
729.42
729.41
729.88
729.39
729.43
729.32
729.37
729.40
729.95
730.86
730.83
730.02
730.69
730.40
730.85
730.87
730.37
730.90
730.71
730.36
730.42
730.34
730.38
730.79
731.91
731.36
731.84
731.35
731.33
731.90
731.40
731.39
731.38
731.37
731.89
731.44
731.46
731.94
731.43
731.29
731.42
731.75
731.45
731.57
732.36
732.40
732.92
732.38
732.85
732.86
732.39
732.08
732.05
732.43
732.89
732.44
732.19
732.12
733.82
733.32
733.38
733.37
733.60
733.35
733.40
733.68
733.91
733.34
733.42
733.90
733.41
733.44
733.11
733.96
735.00
734.33
734.35
734.38
734.06
734.42
734.39
734.34
734.45
734.49
735.83
735.88
735.12
735.40
735.37
735.90
735.38
735.44
735.39
735.85
735.94
736.32
736.38
736.82
736.84
736.36
736.34
736.35
736.39
736.83
736.86
736.42
736.89
736.08
736.92
736.41
736.45
736.44
737.57
738.00
737.85
737.36
737.90
737.34
737.38
737.39
737.37
737.42
737.43
738.85
738.34
738.62
738.84
738.57
738.37
738.36
738.35
738.38
738.39
738.42
738.92
738.75
738.89
738.93
738.44
738.46
739.33
739.36
739.41
739.09
739.02
739.85
739.39
739.44
739.95
739.43
739.37
739.40
739.42
740.31
740.80
740.60
740.35
740.59
740.41
740.34
740.38
740.12
740.68
740.06
740.36
740.91
740.27
740.37
740.87
740.89
740.40
740.97
740.45
740.08
740.46
740.88
740.71
741.86
741.89
741.83
741.84
741.37
741.98
741.31
741.85
741.36
741.91
741.44
741.07
741.35
741.43
741.38
741.19
742.39
742.87
742.02
742.33
742.38
742.41
742.37
742.03
742.93
742.43
742.34
742.89
742.47
742.23
742.90
742.55
742.54
743.10
743.60
743.85
743.37
743.84
743.36
743.40
743.91
743.39
743.43
743.81
743.31
743.90
743.38
743.93
743.32
743.83
743.89
743.19
743.54
743.53
744.10
744.35
744.57
744.85
744.89
744.38
744.39
744.42
744.36
744.06
744.86
744.84
744.40
744.94
744.17
744.32
744.82
744.96
745.85
745.38
745.90
745.37
745.41
745.87
745.73
745.05
745.40
745.34
745.31
745.44
745.93
745.43
745.59
745.58
746.84
746.38
746.34
746.36
746.89
746.39
746.86
746.35
746.37
746.08
746.10
746.88
746.93
746.40
746.94
746.41
746.42
746.53
747.01
747.04
747.33
747.36
747.84
747.37
747.40
747.41
747.94
747.95
747.88
747.92
747.87
747.89
747.96
747.90
747.46
747.51
748.35
748.84
748.34
748.92
748.36
748.37
748.41
748.39
748.38
748.69
748.73
748.95
748.42
748.98
748.46
748.93
748.33
748.83
748.40
748.55
749.37
749.35
749.89
749.38
749.04
749.09
749.36
749.90
749.42
749.39
749.93
749.40
749.88
749.41
749.92
749.86
749.95
749.87
749.22
750.37
750.87
750.38
750.83
750.03
750.90
750.40
750.91
750.45
750.43
750.41
750.11
750.66
750.39
750.92
751.37
751.38
751.06
751.89
751.39
751.43
751.40
751.85
751.92
751.84
751.41
751.10
751.44
751.71
752.70
752.38
752.43
752.13
752.05
752.84
752.39
752.01
752.90
752.46
752.96
753.33
753.35
753.69
753.34
753.89
753.37
753.41
753.85
753.46
753.45
753.91
753.97
753.38
753.39
754.57
754.83
754.86
754.37
754.36
754.72
754.87
754.33
754.43
754.38
754.26
754.85
754.44
754.42
755.33
755.35
755.85
755.05
755.42
755.36
755.43
755.89
755.91
755.92
755.40
755.44
755.88
755.94
755.84
755.78
755.97
755.72
756.35
756.12
756.70
756.43
756.61
756.38
756.86
756.85
756.01
756.39
756.41
756.91
756.93
756.40
756.88
756.06
756.19
757.41
757.35
757.37
757.85
757.90
757.39
757.06
757.42
757.60
757.38
757.95
757.44
758.85
758.37
758.33
758.86
758.92
758.03
758.88
758.40
758.89
758.36
758.38
758.73
758.76
758.43
758.70
758.83
758.41
759.08
759.33
759.34
759.38
759.02
759.37
759.40
759.85
759.39
759.43
759.93
759.90
759.41
759.11
759.95
760.35
760.41
760.36
760.87
760.12
760.34
760.38
760.40
760.06
760.89
760.91
760.37
760.94
760.22
761.38
761.36
761.34
761.40
761.10
761.93
761.42
761.86
761.33
762.57
762.08
762.83
762.34
762.39
762.36
762.37
762.86
762.42
762.44
762.40
762.45
763.36
763.38
763.34
763.89
763.40
763.33
763.87
763.47
763.37
763.08
763.93
763.92
763.86
763.44
763.45
763.11
763.07
764.85
764.40
764.83
764.38
764.93
764.89
764.44
764.34
764.43
764.42
764.06
764.45
764.95
764.54
765.83
765.71
765.87
765.35
765.40
765.36
765.92
765.74
765.89
765.42
765.97
765.43
765.41
765.91
765.34
765.45
766.58
766.67
766.38
766.04
766.36
766.85
766.37
766.40
766.86
766.32
766.39
766.44
766.87
766.96
766.71
766.74
766.69
766.92
767.34
767.87
767.41
767.88
767.85
767.39
767.44
767.43
767.37
767.40
767.38
767.07
767.95
768.00
767.93
767.47
768.85
768.83
768.35
768.38
768.39
768.89
768.04
768.44
768.95
768.41
768.92
768.86
768.46
768.49
768.03
769.93
769.42
769.41
769.90
769.37
769.34
769.33
769.71
769.39
769.91
769.40
769.43
769.38
770.02
770.87
770.85
770.32
770.36
770.44
771.00
770.07
770.92
770.42
770.40
770.35
770.77
770.06
770.39
771.34
771.68
771.89
771.37
771.38
771.86
771.93
771.92
771.12
771.84
771.69
771.94
771.46
771.08
771.44
771.88
771.23
771.96
772.56
772.67
772.36
772.37
772.02
772.38
772.35
772.88
772.41
772.33
772.93
772.40
772.87
772.46
773.90
773.13
773.39
773.44
773.91
773.40
773.43
773.42
773.46
773.35
773.78
773.95
773.79
774.89
774.38
774.40
774.88
774.39
774.70
774.35
774.41
774.45
774.95
774.79
775.87
775.39
775.33
775.35
775.38
775.43
775.36
775.40
775.37
775.44
775.45
775.79
776.70
776.36
776.39
776.38
776.45
776.43
776.88
776.94
776.78
776.03
776.46
776.92
776.12
776.47
776.97
776.23
777.09
777.37
777.61
777.88
777.36
777.83
777.35
777.34
777.38
777.41
777.91
777.45
777.89
777.69
778.34
778.38
778.78
778.88
778.40
778.87
778.37
778.75
778.96
778.92
778.23
779.42
779.84
779.36
779.88
779.91
779.34
779.92
779.90
779.78
779.45
779.08
779.80
779.46
779.13
779.97
779.12
779.56
779.23
780.32
780.87
780.72
780.94
780.93
780.69
780.41
780.95
780.37
780.90
780.44
780.42
780.46
780.96
780.97
780.40
780.47
781.90
781.37
781.38
781.39
781.89
781.33
781.91
781.78
781.92
782.86
782.35
782.41
782.37
782.69
782.39
782.40
782.36
782.38
782.34
782.85
782.44
782.90
782.42
782.80
782.89
783.90
783.04
783.36
783.39
783.37
783.95
783.92
783.08
783.87
783.35
784.39
784.42
784.41
784.37
784.85
784.88
784.33
784.73
784.91
784.89
784.90
784.46
784.45
784.98
784.97
784.23
785.89
785.62
785.04
785.06
785.39
785.43
785.46
785.37
785.48
785.47
785.94
785.14
786.31
786.40
786.91
786.37
786.33
786.90
786.44
786.42
786.39
786.46
786.92
786.93
786.38
786.35
786.94
786.41
786.51
787.38
787.37
787.39
787.44
787.08
787.85
787.92
787.95
787.40
787.87
787.65
787.47
787.86
787.93
788.72
788.89
788.37
788.38
788.88
788.40
788.92
788.78
788.43
788.91
788.97
788.42
788.47
788.99
788.98
788.95
789.10
789.89
789.87
789.85
789.40
789.39
789.91
789.45
789.95
789.38
789.48
789.97
789.92
789.44
789.42
790.35
790.39
790.87
790.70
790.38
790.42
790.43
790.86
790.40
790.11
790.95
790.92
790.93
790.41
790.79
791.41
791.81
791.05
791.85
791.37
791.36
791.40
791.43
791.91
791.72
791.66
791.89
791.95
791.04
791.42
791.47
792.41
792.96
792.40
792.46
792.75
792.44
792.39
792.06
792.87
793.11
793.89
793.93
793.41
793.90
793.95
793.46
793.47
794.84
794.92
794.87
794.39
794.36
794.07
794.47
794.48
794.88
794.91
794.42
794.95
794.45
795.84
795.83
795.37
795.40
795.85
795.41
795.39
795.66
795.44
796.88
796.34
796.91
796.87
796.39
796.43
796.90
796.45
796.42
796.95
796.94
796.89
797.89
797.85
797.41
797.42
797.38
797.39
797.44
797.46
797.08
797.88
798.38
798.87
798.37
798.39
798.47
798.94
798.45
798.95
798.42
798.07
799.72
799.86
799.89
799.42
799.87
799.93
799.45
799.90
799.91
799.40
799.11
799.53
799.62
800.33
800.05
800.88
800.84
800.15
800.41
800.91
800.43
800.95
800.45
800.36
800.46
800.47
800.44
801.38
801.92
801.40
801.44
801.49
802.87
802.14
802.42
802.39
802.36
802.43
802.90
802.45
802.88
802.10
802.44
803.39
803.38
803.41
803.86
803.71
803.42
803.43
803.49
803.47
803.88
803.44
803.46
804.69
804.43
804.38
804.91
804.44
804.40
804.42
804.39
804.72
804.95
804.94
804.89
804.41
804.47
804.93
805.90
805.38
805.37
805.36
805.41
805.45
805.12
805.92
805.55
806.02
806.60
806.15
806.37
806.38
806.42
806.39
806.40
806.90
806.88
806.43
806.91
806.45
806.50
807.39
807.35
807.43
807.82
807.91
807.42
807.06
807.96
807.41
807.93
807.46
807.45
807.95
807.40
807.48
807.80
807.44
807.49
808.38
808.33
808.83
808.91
808.40
808.95
808.92
808.94
808.37
808.42
808.89
808.44
808.90
808.45
808.46
809.39
809.35
809.05
809.36
809.38
809.91
809.41
809.40
809.42
809.90
809.76
809.95
809.96
809.10
809.44
809.43
809.48
810.89
810.40
810.95
810.92
810.39
810.76
810.41
810.36
810.86
810.45
810.79
810.44
811.35
811.10
811.85
811.33
811.08
811.39
811.89
811.91
811.37
811.41
811.12
811.42
811.81
811.84
811.44
811.49
812.36
812.90
812.69
812.43
812.88
812.38
812.87
812.92
812.94
812.09
812.77
812.44
813.45
813.92
813.41
813.38
813.90
813.43
813.10
814.35
814.06
814.43
814.40
814.47
814.92
814.41
814.46
814.76
814.49
815.40
815.37
815.42
815.83
815.43
815.92
815.45
815.41
815.71
815.91
815.93
815.98
815.35
816.89
816.41
816.90
816.42
816.45
816.11
816.46
816.96
816.49
816.57
817.90
817.39
817.40
817.45
817.88
817.44
817.11
817.42
817.43
817.41
817.78
817.14
817.94
817.48
817.92
818.85
818.38
818.41
818.44
818.93
818.92
818.42
818.40
818.77
818.96
818.45
818.97
818.50
819.00
818.47
819.90
819.89
819.91
819.93
819.39
819.41
819.43
819.46
819.47
819.87
819.77
819.94
819.95
819.51
819.42
819.97
819.96
820.90
820.42
820.35
820.61
820.75
820.43
820.98
820.38
820.46
820.89
820.37
820.07
820.91
820.47
821.00
821.37
821.87
821.39
821.86
821.42
821.41
821.40
821.45
821.75
821.49
821.11
822.29
822.37
822.90
822.39
822.89
822.46
822.82
822.43
822.40
822.83
822.93
822.96
822.76
822.75
822.95
822.13
822.44
822.45
822.58
823.42
823.43
823.11
823.05
823.41
823.46
823.50
823.49
823.98
823.95
824.37
824.45
824.86
824.91
824.87
824.42
824.44
824.95
824.93
824.50
824.35
824.36
824.13
825.90
825.37
825.39
825.95
825.92
825.46
825.42
825.41
825.70
825.40
825.44
825.47
825.97
825.86
825.85
826.00
826.87
826.34
826.97
826.95
826.92
826.47
826.10
826.98
826.48
827.38
827.91
827.74
827.42
827.46
827.95
827.05
828.87
828.72
828.42
828.41
828.45
828.48
828.43
828.46
828.91
829.94
829.39
829.40
829.91
829.41
829.48
829.95
829.43
829.75
829.47
829.92
830.90
830.46
830.85
830.39
830.99
830.02
830.40
830.47
830.77
830.82
830.51
830.44
831.37
831.45
831.41
831.42
831.90
831.47
831.91
831.44
831.43
831.46
831.50
831.97
831.01
831.98
831.15
832.39
832.43
832.84
832.44
832.40
832.94
832.45
832.97
832.91
832.87
832.42
832.92
832.93
832.46
832.48
832.49
833.38
833.87
833.41
833.93
833.44
833.92
833.48
833.09
833.85
833.90
833.42
833.95
833.99
834.41
834.88
834.95
834.42
834.92
834.43
834.44
834.47
834.97
834.46
834.09
835.70
835.38
835.82
835.92
835.90
835.39
835.41
835.45
835.42
835.99
835.49
835.95
835.91
835.94
835.47
835.50
836.04
836.37
836.73
836.75
836.42
836.48
836.39
836.43
836.41
836.44
836.94
836.09
836.91
836.49
836.56
837.41
837.40
837.91
837.96
837.44
837.42
837.39
838.36
838.87
838.96
838.75
838.46
838.92
838.39
838.76
838.40
838.42
838.49
838.43
838.37
838.51
839.94
839.38
839.90
839.44
839.91
839.46
839.41
839.43
839.97
839.92
839.11
839.99
840.00
839.48
839.52
839.45
840.44
840.42
840.48
840.86
840.40
840.98
840.96
840.17
840.99
840.49
841.84
841.22
841.93
841.39
841.88
841.45
841.91
841.92
841.90
841.11
841.53
842.06
842.39
842.43
842.91
842.41
842.95
842.38
842.42
842.49
842.96
842.47
842.50
842.16
843.41
843.39
843.45
843.91
843.48
843.37
843.96
843.77
843.44
843.46
843.98
843.97
844.91
844.94
844.40
844.43
844.89
844.93
844.36
844.42
844.38
844.37
844.44
844.46
844.35
844.45
844.48
844.49
845.67
845.92
845.42
845.44
845.99
845.90
845.41
845.82
845.48
845.94
845.13
846.94
846.93
846.90
846.39
846.87
846.45
846.42
846.47
846.89
846.98
847.85
847.40
847.90
847.39
847.46
847.92
847.86
847.45
847.41
847.42
847.49
847.95
847.96
847.98
847.44
848.73
848.90
848.40
848.89
848.38
848.45
848.97
848.49
848.48
848.82
848.80
849.42
849.86
849.41
849.48
849.44
849.97
849.50
849.16
850.38
850.43
850.44
850.36
850.89
850.97
850.39
850.48
850.40
850.47
850.25
850.58
851.87
851.93
851.96
851.46
851.90
851.95
851.12
851.40
852.00
851.14
851.47
851.31
851.82
851.37
851.39
851.58
851.25
851.26
852.86
852.43
852.47
852.36
852.85
852.41
852.95
852.91
853.00
852.49
852.87
852.82
852.88
852.25
853.92
853.39
853.38
853.48
853.44
853.95
854.70
854.39
854.46
854.92
854.45
854.43
854.96
854.38
854.75
854.44
854.94
854.66
855.40
855.92
855.08
855.46
855.43
855.36
855.48
855.38
855.44
855.39
855.16
855.98
855.99
855.52
856.39
856.42
856.33
856.41
856.95
856.98
856.89
856.43
856.90
856.99
856.49
856.48
856.20
857.90
857.08
857.35
857.89
857.42
857.44
857.48
857.97
857.95
857.38
857.49
857.50
857.02
857.17
858.79
858.45
858.40
858.75
858.96
858.42
858.90
858.48
858.47
858.15
858.93
858.92
858.94
858.82
859.74
859.89
859.41
859.88
859.90
859.40
859.72
859.91
859.49
859.99
859.45
859.43
859.78
859.86
859.79
859.93
859.94
859.44
860.86
860.40
860.44
860.38
860.41
860.90
860.43
860.96
860.45
861.00
860.99
860.42
860.12
860.94
860.49
860.84
860.01
860.93
861.34
861.07
861.36
861.42
861.40
861.78
861.01
861.90
861.43
861.39
861.91
862.40
862.44
862.35
862.47
862.10
862.46
862.42
862.96
862.99
862.13
862.41
862.92
863.37
863.92
863.04
863.42
863.97
863.43
863.46
863.45
863.96
863.41
863.47
863.50
864.88
864.45
864.95
864.48
864.41
864.40
864.92
864.99
864.74
865.00
864.51
864.97
865.92
865.43
865.44
865.95
865.47
865.45
865.10
865.96
865.40
865.48
866.88
866.99
866.42
866.97
866.44
866.98
866.95
866.51
866.46
866.47
866.80
866.93
867.40
867.45
867.39
867.44
867.95
867.94
867.91
867.37
867.46
867.20
867.52
868.83
868.91
868.39
868.41
868.42
868.49
868.94
868.44
868.48
868.02
868.98
869.89
869.40
869.72
869.41
869.43
869.90
869.42
869.91
869.44
869.50
869.48
869.98
869.49
869.45
869.00
869.39
869.51
870.93
870.42
870.94
870.92
870.44
870.95
870.46
870.49
870.45
871.94
871.95
871.43
871.91
871.98
871.37
871.49
871.92
871.48
871.45
872.45
872.91
872.44
872.43
872.93
872.48
872.86
872.01
872.40
872.95
872.96
872.47
872.97
872.99
872.38
872.88
873.43
873.46
873.45
873.41
873.51
873.47
873.97
873.85
873.49
873.20
874.44
874.40
874.50
874.49
874.78
874.41
874.45
874.80
874.43
874.48
875.88
875.39
875.43
875.41
875.49
875.45
875.50
875.95
875.44
875.46
875.89
875.40
875.94
875.97
876.45
876.42
876.03
876.44
876.06
876.46
876.99
876.49
876.52
877.41
877.44
877.91
877.49
877.45
878.44
878.92
878.46
878.94
878.42
878.01
878.51
879.41
879.42
879.48
880.00
879.00
879.16
880.42
880.47
880.39
880.98
880.45
880.93
880.43
880.01
880.41
880.96
880.46
881.72
881.43
881.93
881.89
881.47
881.90
881.95
881.44
881.97
882.88
882.46
882.43
882.93
882.97
882.52
882.50
882.16
883.41
883.87
883.46
883.45
883.96
884.15
884.40
884.38
884.92
884.44
884.95
884.49
884.99
884.50
884.45
885.88
885.45
885.86
885.94
885.71
885.18
885.49
885.47
885.53
885.02
886.45
886.43
886.48
886.49
886.95
886.94
886.51
886.50
886.93
886.98
886.47
887.43
887.89
887.01
887.41
887.88
887.93
887.87
887.02
887.74
887.98
887.99
887.48
888.42
888.46
888.90
888.96
888.93
888.97
888.83
888.43
888.13
888.94
888.88
888.48
889.43
889.45
889.00
889.46
889.98
889.90
889.97
889.47
889.18
890.92
890.96
890.43
890.44
890.48
890.45
890.40
890.94
890.93
890.97
891.36
891.40
891.46
891.47
891.11
891.96
891.50
891.53
892.44
892.43
892.98
892.92
892.48
892.96
892.95
892.40
892.45
892.00
892.51
892.52
893.48
893.42
893.46
893.95
893.12
893.47
893.80
893.98
893.01
893.41
893.75
893.53
893.86
893.07
893.88
894.46
894.40
894.09
894.42
894.96
894.87
894.02
894.95
894.98
894.43
894.48
894.38
895.95
895.43
895.76
895.49
895.44
895.48
895.94
895.42
895.97
895.88
895.81
895.53
895.99
896.40
896.43
896.93
896.44
896.95
896.48
896.50
896.53
897.43
897.12
897.40
897.46
897.90
897.04
897.47
897.20
898.91
898.40
898.42
898.43
898.88
898.46
898.44
898.92
898.86
898.97
898.02
898.61
899.45
899.44
899.94
899.95
899.43
899.48
899.99
899.42
899.54
899.53
899.04
900.42
900.65
900.97
900.74
900.47
900.93
900.44
900.51
900.41
900.82
900.48
900.46
900.13
900.53
900.01
901.96
901.45
901.50
901.43
901.94
901.48
901.01
901.04
902.00
901.47
901.98
902.96
902.46
902.95
902.42
902.41
902.99
903.00
902.02
903.38
903.01
903.94
903.45
903.43
903.74
903.84
903.52
903.03
904.43
904.94
904.99
904.96
904.46
904.93
904.44
904.48
905.89
905.14
905.42
905.96
905.50
905.81
905.51
905.45
905.88
906.92
906.09
906.96
906.48
906.46
906.50
906.47
906.38
906.52
906.02
906.18
907.85
907.52
907.74
907.91
907.46
907.81
907.04
908.87
908.96
908.47
908.52
908.45
908.49
908.53
908.93
908.14
908.55
909.07
909.41
909.51
909.47
909.52
909.90
909.42
909.95
909.43
910.92
910.43
910.93
910.97
910.42
910.01
910.47
910.45
910.53
910.41
910.40
910.52
910.50
911.38
911.39
911.93
911.50
911.94
911.41
911.90
911.40
911.53
911.99
911.44
911.86
911.46
911.10
912.87
912.44
912.97
912.45
912.82
912.91
912.41
912.52
912.94
912.95
912.01
912.47
912.49
912.93
912.46
912.04
913.93
913.09
913.46
913.48
913.96
913.50
913.43
913.44
913.08
913.02
913.45
914.45
914.95
914.40
914.42
914.13
914.78
914.47
914.48
914.52
914.94
914.99
914.18
914.03
914.32
915.43
915.96
915.42
915.50
915.54
915.55
916.68
916.97
916.44
916.50
916.54
916.49
916.83
917.42
917.39
917.49
917.74
917.47
917.48
917.94
917.54
917.00
918.18
918.96
918.44
918.83
918.98
918.42
918.49
918.54
918.51
918.75
918.48
918.46
918.11
918.94
918.43
918.50
919.39
919.41
919.49
919.43
919.46
919.48
919.98
919.95
919.00
919.51
919.94
919.45
919.03
919.47
920.96
920.99
920.47
920.48
920.87
920.41
920.51
920.55
921.89
921.92
921.17
921.48
921.90
921.50
921.46
921.00
921.21
921.01
921.08
922.47
922.44
922.49
922.50
923.46
923.95
923.40
923.19
923.47
923.44
923.50
923.93
924.46
924.84
924.97
925.00
925.68
925.90
925.44
925.47
925.51
925.95
925.52
925.41
925.45
925.46
925.42
925.92
926.18
926.46
926.96
926.48
927.44
927.94
927.95
927.52
927.03
927.91
927.53
928.94
928.91
928.45
928.98
928.95
928.52
928.53
928.50
928.02
929.40
929.43
929.48
929.49
929.47
929.97
929.94
929.51
929.02
930.47
930.46
930.01
930.51
930.92
930.96
931.94
931.47
931.98
931.42
932.00
931.38
931.46
931.43
931.50
931.54
931.53
931.01
932.47
932.44
932.43
933.88
933.94
933.44
933.96
933.49
933.47
933.93
933.86
934.97
934.49
935.48
935.91
935.13
935.79
935.39
935.52
935.43
935.97
935.49
935.01
935.45
936.93
936.91
936.45
936.50
936.89
936.48
936.96
936.46
936.47
936.01
936.92
937.97
937.44
937.47
937.83
937.43
937.14
937.93
937.50
937.48
938.95
938.45
938.46
938.51
938.87
938.93
938.94
938.66
938.49
939.95
939.89
939.53
939.46
939.51
939.86
940.39
940.50
940.55
940.56
940.48
940.02
940.54
940.19
940.53
940.20
941.98
941.53
941.03
942.00
941.01
941.56
941.50
942.49
942.48
942.01
942.55
944.00
943.44
943.98
943.51
943.46
943.53
943.40
943.79
943.97
943.05
944.52
944.50
944.98
944.01
945.45
945.47
945.46
945.02
945.48
945.04
945.43
945.93
945.51
945.52
945.50
945.55
945.20
946.43
946.51
946.96
946.98
946.02
946.55
946.95
946.44
946.52
946.88
947.45
947.21
947.52
947.49
947.97
948.77
948.39
948.48
948.52
948.05
948.06
949.86
949.99
949.96
949.55
949.51
949.40
949.44
949.54
949.46
949.05
950.91
950.94
950.93
950.45
950.54
950.43
950.89
951.95
951.02
951.52
951.01
951.44
951.51
951.48
951.05
952.38
952.46
952.95
952.47
952.53
952.75
952.93
952.43
952.84
952.85
952.49
953.50
953.46
954.00
953.06
953.93
953.97
953.88
954.02
954.04
954.48
954.49
954.42
954.50
954.98
954.15
954.47
955.50
955.02
955.42
955.95
955.46
955.53
955.49
955.57
956.97
956.43
957.00
956.93
956.54
956.50
956.57
956.08
957.02
957.53
957.96
957.47
957.49
957.44
957.55
957.07
957.01
957.83
957.52
958.44
958.03
958.48
958.41
958.52
958.02
959.88
959.97
959.55
959.48
959.46
959.54
959.56
959.85
959.05
959.01
959.28
959.61
960.81
960.45
960.48
960.52
960.06
960.02
960.03
961.46
961.94
961.01
961.95
961.15
961.96
962.48
962.47
962.94
962.46
962.53
962.52
962.50
962.49
962.08
963.00
963.43
963.99
963.95
963.49
964.44
964.89
964.55
964.54
965.44
965.93
965.46
965.49
965.50
965.98
965.51
965.09
966.42
966.76
966.45
966.02
966.49
966.53
966.52
967.90
967.45
967.16
967.93
967.03
967.02
967.53
967.25
968.77
968.46
968.51
968.00
968.47
969.46
969.45
969.04
969.51
969.95
969.06
969.96
969.02
969.92
969.91
969.47
970.43
970.99
970.18
970.79
970.91
971.46
971.50
971.02
971.01
971.04
971.49
971.51
971.54
971.57
972.98
972.03
972.56
973.52
973.48
973.53
973.93
973.45
973.01
973.55
974.96
974.50
974.51
974.52
974.06
974.04
974.53
975.46
975.91
975.48
975.80
975.53
975.02
975.99
976.00
975.54
975.03
975.51
975.81
976.51
976.80
976.07
977.50
977.44
977.54
977.53
977.97
977.93
978.47
978.52
978.48
978.50
978.42
978.89
978.49
978.54
978.01
978.08
978.09
979.44
979.49
979.04
979.54
979.53
980.16
981.00
980.97
980.50
980.52
980.02
980.49
980.25
980.58
981.44
981.49
981.99
981.06
981.56
982.12
982.77
982.47
982.46
982.99
982.52
982.51
982.56
982.89
983.45
983.48
983.02
983.52
983.97
983.47
983.58
984.02
984.46
984.49
984.00
984.03
984.53
984.06
984.92
984.52
984.51
984.50
984.56
984.47
985.03
985.52
985.07
985.54
986.00
985.02
986.40
986.03
986.19
986.98
986.06
986.58
986.46
987.50
987.54
987.04
987.22
987.52
988.52
988.57
988.98
988.50
988.56
988.47
988.54
988.05
988.59
988.07
989.50
989.07
989.01
989.47
989.48
990.35
990.45
990.98
990.52
990.19
990.51
991.97
992.00
991.43
991.02
991.01
991.52
991.54
991.53
991.03
991.89
991.44
992.44
992.99
992.81
992.50
992.02
992.58
992.48
992.09
992.59
992.56
992.23
992.10
993.91
993.43
993.47
993.39
993.49
993.52
993.48
994.52
994.45
994.22
994.98
994.53
994.49
995.49
995.07
995.02
995.53
995.54
996.96
996.49
996.94
996.56
996.05
996.04
996.55
997.45
997.50
997.47
997.57
997.78
998.51
998.84
998.97
998.50
998.29
999.97
999.50
999.02
999.03
999.01
999.88
1000.00
1000.04
1000.96
1000.50
1000.47
1000.49
1000.51
1000.38
1001.00
1000.61
1000.11
1000.48
1000.29
1000.79
1001.53
1001.50
1001.16
1001.98
1001.48
1001.58
1001.10
1002.51
1002.52
1002.98
1002.47
1002.46
1002.49
1002.04
1002.54
1002.59
1003.47
1003.53
1003.44
1003.01
1003.52
1003.50
1003.58
1003.55
1003.04
1004.02
1004.03
1004.48
1004.50
1004.42
1004.96
1004.22
1004.49
1004.53
1004.04
1005.76
1005.08
1005.53
1006.10
1006.06
1006.93
1006.94
1006.45
1006.95
1006.61
1007.52
1007.54
1007.53
1007.48
1007.49
1007.90
1007.03
1008.96
1008.49
1008.02
1008.98
1008.56
1008.06
1008.97
1008.50
1008.94
1008.25
1008.03
1008.51
1009.49
1009.97
1010.00
1009.51
1009.47
1009.03
1009.08
1009.58
1009.87
1010.47
1010.55
1010.01
1010.54
1010.02
1010.04
1010.43
1011.53
1011.51
1011.50
1011.01
1011.47
1011.04
1011.98
1011.06
1011.24
1011.60
1012.94
1012.50
1012.09
1012.58
1012.54
1012.04
1013.48
1013.94
1013.55
1013.85
1013.42
1013.50
1013.99
1013.05
1013.61
1013.11
1014.47
1014.49
1014.54
1014.77
1014.09
1014.23
1014.06
1014.07
1014.59
1015.41
1015.97
1015.06
1016.99
1016.58
1016.09
1016.03
1016.10
1016.01
1017.97
1017.47
1017.58
1017.99
1017.53
1018.01
1018.57
1018.49
1020.00
1019.53
1019.48
1019.58
1019.10
1020.50
1020.53
1020.52
1020.58
1021.46
1021.52
1021.01
1021.93
1021.02
1021.58
1021.51
1021.47
1022.51
1022.44
1022.47
1022.56
1023.50
1023.49
1023.01
1023.98
1023.99
1023.55
1023.52
1023.23
1023.57
1024.04
1024.01
1024.52
1024.11
1025.89
1025.52
1025.56
1026.99
1026.50
1026.05
1026.56
1026.92
1026.06
1026.60
1026.55
1027.48
1027.51
1027.08
1027.49
1027.53
1027.94
1027.60
1027.26
1028.98
1028.52
1028.42
1028.05
1028.53
1028.10
1028.55
1029.94
1029.44
1029.48
1029.06
1029.10
1030.98
1030.97
1030.47
1030.48
1031.01
1031.50
1031.53
1032.00
1031.46
1031.05
1032.53
1032.05
1032.60
1032.52
1032.09
1032.59
1032.58
1033.50
1033.51
1034.99
1034.98
1034.51
1034.55
1035.49
1035.53
1035.94
1035.50
1035.09
1035.08
1035.99
1036.14
1036.45
1036.62
1037.48
1037.61
1037.47
1037.60
1038.11
1038.48
1038.60
1038.06
1039.51
1039.52
1040.47
1040.01
1040.57
1040.98
1041.99
1041.50
1041.59
1041.09
1041.51
1041.60
1041.10
1042.94
1042.52
1042.59
1043.44
1043.07
1044.96
1044.05
1045.54
1045.58
1045.53
1046.06
1046.59
1046.04
1046.61
1046.82
1046.57
1047.41
1047.55
1047.96
1047.04
1047.02
1048.59
1049.04
1049.00
1049.63
1049.57
1049.61
1050.04
1050.50
1050.93
1051.03
1051.06
1051.43
1051.55
1051.54
1052.02
1052.61
1052.11
1053.44
1053.54
1053.07
1053.11
1054.03
1054.53
1054.62
1054.58
1054.12
1054.57
1055.54
1055.85
1056.41
1057.00
1056.02
1056.04
1056.54
1057.49
1057.44
1057.59
1057.13
1058.03
1058.53
1058.57
1058.56
1059.54
1059.95
1059.09
1059.05
1060.52
1060.55
1060.04
1060.93
1060.99
1060.06
1061.51
1061.05
1061.02
1061.57
1062.03
1062.12
1062.14
1062.57
1062.08
1063.54
1063.50
1063.55
1063.03
1063.91
1063.59
1063.57
1063.90
1063.48
1063.62
1063.12
1064.02
1064.94
1064.56
1064.12
1064.11
1065.49
1065.64
1066.93
1066.46
1067.91
1067.47
1067.59
1068.54
1069.00
1069.88
1069.47
1069.52
1069.95
1069.53
1069.56
1069.57
1069.91
1069.08
1070.21
1070.03
1070.48
1070.58
1070.05
1071.01
1071.00
1071.04
1072.58
1072.14
1072.63
1073.49
1073.12
1073.13
1074.02
1074.11
1074.14
1074.13
1075.02
1075.98
1075.63
1076.56
1077.25
1077.58
1077.11
1077.06
1077.56
1077.63
1078.55
1078.45
1078.58
1078.48
1078.49
1079.06
1080.59
1081.63
1081.53
1082.47
1082.57
1082.55
1082.64
1084.00
1083.99
1084.49
1084.50
1085.00
1085.94
1085.57
1086.57
1086.99
1086.21
1087.04
1087.57
1087.56
1087.13
1087.14
1088.43
1088.01
1088.63
1088.13
1089.61
1090.59
1090.13
1090.98
1090.04
1090.54
1090.11
1090.12
1090.05
1091.45
1091.11
1091.58
1091.13
1091.63
1091.97
1092.00
1091.14
1091.15
1092.57
1092.15
1092.65
1092.64
1093.01
1093.55
1094.27
1094.04
1095.52
1095.02
1095.57
1095.55
1095.65
1096.52
1096.60
1097.93
1097.13
1098.51
1098.57
1098.50
1098.63
1099.97
1099.00
1099.11
1100.89
1100.66
1100.16
1100.17
1101.79
1101.16
1102.54
1102.11
1103.61
1103.63
1104.62
1105.56
1105.04
1106.03
1106.12
1107.42
1107.53
1107.61
1107.89
1108.14
1108.55
1109.80
1109.60
1109.66
1110.51
1110.08
1111.55
1112.03
1112.65
1113.00
1112.99
1112.64
1114.55
1115.60
1115.06
1115.61
1116.52
1117.22
1117.61
1117.64
1118.14
1120.46
1120.54
1120.04
1121.05
1121.13
1122.04
1122.03
1122.60
1122.52
1123.57
1123.52
1123.07
1125.04
1125.16
1126.97
1126.65
1126.15
1126.16
1127.07
1127.51
1127.10
1128.52
1129.46
1129.86
1129.48
1130.94
1130.52
1132.53
1132.43
1132.65
1132.08
1133.59
1133.54
1133.09
1134.06
1134.09
1135.52
1135.49
1135.56
1136.03
1138.16
1138.69
1139.07
1139.65
1139.64
1140.60
1141.53
1142.07
1143.93
1144.62
1145.12
1145.66
1145.17
1146.27
1146.94
1147.17
1148.17
1149.05
1149.03
1151.00
1150.62
1151.56
1151.54
1151.63
1152.57
1152.56
1153.10
1154.60
1154.59
1154.57
1155.99
1155.28
1156.16
1156.66
1159.12
1159.67
1162.53
1163.59
1163.55
1163.68
1164.55
1165.85
1165.53
1165.17
1166.62
1166.03
1166.53
1167.56
1167.67
1168.92
1168.93
1168.08
1168.63
1168.17
1168.13
1168.70
1168.69
1168.19
1169.09
1170.57
1170.05
1170.55
1170.50
1171.66
1172.00
1173.82
1173.10
1174.54
1176.48
1176.04
1177.05
1177.09
1177.58
1177.08
1177.21
1177.71
1178.10
1179.54
1179.08
1179.56
1179.51
1180.06
1182.01
1184.48
1184.66
1184.99
1187.66
1187.09
1187.65
1188.03
1188.02
1189.13
1189.99
1189.98
1189.73
1190.59
1191.49
1194.61
1195.03
1196.28
1198.50
1201.92
1202.12
1203.44
1203.14
1204.15
1204.55
1205.53
1206.57
1206.03
1207.19
1208.88
1209.13
1211.51
1211.65
1212.59
1212.82
1212.07
1213.08
1213.52
1213.58
1213.07
1214.14
1214.04
1215.68
1216.15
1216.62
1218.65
1219.48
1219.15
1219.65
1222.53
1222.65
1223.14
1223.65
1225.67
1225.66
1225.34
1225.35
1226.49
1226.17
1226.67
1226.34
1229.10
1230.51
1231.24
1231.16
1234.24
1234.63
1234.06
1238.64
1239.57
1240.62
1240.07
1243.63
1243.05
1244.11
1244.07
1244.53
1245.15
1247.56
1248.58
1253.65
1254.15
1254.53
1264.02
1267.03
1268.03
1270.54
1272.19
1273.23
1274.14
1278.05
1279.37
1281.17
1282.74
1283.50
1284.50
1285.18
1287.68
1287.17
1287.67
1288.68
1288.70
1289.03
1290.51
1292.19
1294.70
1296.71
1296.11
1296.61
1301.19
1305.13
1314.89
1320.77
1323.74
1328.05
1329.70
1331.76
1339.20
1339.62
1339.79
1340.12
1343.00
1345.17
1348.13
1348.63
1348.30
1349.03
1349.70
1354.61
1358.21
1369.62
1378.21
1380.32
1380.26
1386.25
1397.16
1407.09
1409.29
1417.80
1444.93
1487.34
1490.09
1495.86
1527.16
1690.14
1768.24
