350.70
350.87
350.21
350.72
350.19
351.16
351.18
351.19
351.53
351.20
352.53
352.87
352.19
352.69
352.21
352.71
352.86
352.20
352.72
353.72
354.17
357.71
357.17
357.73
357.67
357.72
357.45
358.70
358.22
358.21
358.19
358.20
358.73
359.03
359.86
359.19
359.22
359.71
359.73
359.72
360.20
360.18
360.71
360.19
360.72
360.21
360.74
361.72
361.56
361.22
361.70
361.89
361.19
361.20
361.68
361.18
361.55
361.71
361.24
362.20
362.70
362.23
362.19
362.18
362.24
362.21
362.17
362.69
362.22
363.21
363.69
363.53
363.23
363.71
363.87
363.22
363.20
364.53
364.67
364.73
364.71
364.74
364.87
364.22
364.15
364.23
364.51
364.70
364.90
365.20
365.87
365.90
365.72
365.19
365.70
365.25
365.22
365.23
365.73
365.75
366.46
366.88
366.22
366.20
366.86
366.70
366.21
366.71
366.44
366.73
366.19
366.72
367.67
367.55
367.86
367.74
367.88
367.91
367.20
367.71
367.70
367.69
367.73
367.23
368.18
368.90
368.19
368.73
368.21
368.70
368.55
368.23
368.71
368.72
368.20
368.68
369.55
369.24
369.20
369.87
369.22
370.53
370.74
371.17
371.23
372.54
373.74
373.23
373.89
373.22
373.70
373.24
373.73
373.71
374.10
374.69
374.55
374.20
374.21
374.52
374.95
374.68
374.17
374.19
374.23
374.24
374.71
374.72
375.90
375.58
375.88
375.85
375.22
375.55
375.75
375.72
375.70
375.20
375.23
376.86
376.52
376.72
376.45
376.19
376.21
376.69
376.20
376.22
376.90
376.74
377.71
377.86
377.56
377.20
377.55
377.19
377.65
377.54
377.73
377.68
377.70
377.89
377.87
377.74
378.20
378.89
378.21
378.54
378.25
378.69
378.88
378.24
378.53
378.74
378.72
378.71
379.19
379.85
379.22
379.23
379.24
379.89
379.52
379.75
379.18
379.57
380.21
380.18
380.22
380.23
380.24
380.19
380.72
380.25
380.71
380.69
380.70
381.80
381.88
381.90
381.20
381.52
381.70
381.56
381.74
381.22
381.23
381.54
382.73
382.55
382.85
382.21
382.22
382.20
382.87
382.18
382.56
382.54
382.53
382.89
382.24
382.72
382.70
383.22
383.95
383.21
383.25
383.73
383.74
383.20
383.69
383.23
383.76
383.24
384.20
384.71
384.53
384.54
384.22
384.57
384.19
384.23
384.24
385.53
385.17
385.72
385.85
385.70
385.95
385.54
385.56
385.71
385.75
385.24
385.21
385.26
385.73
385.22
385.88
386.24
386.68
386.74
386.55
386.21
386.20
386.23
386.18
386.67
386.69
386.26
386.48
387.15
387.72
387.71
387.25
387.89
387.52
387.70
387.69
387.20
387.16
388.89
388.23
388.88
388.57
388.24
388.72
388.90
388.52
388.22
388.54
388.70
388.75
388.25
389.20
389.71
389.74
389.73
389.22
389.23
389.21
389.24
390.20
390.21
390.90
390.72
390.53
390.24
390.55
391.28
391.84
391.23
391.25
391.21
391.74
391.22
391.19
391.18
391.24
391.20
391.73
391.55
392.86
392.19
392.73
392.70
392.20
392.75
392.22
392.90
392.72
392.74
392.77
392.25
392.71
393.87
393.88
393.54
393.69
393.21
393.19
393.76
393.22
393.68
393.70
393.74
393.58
393.96
393.89
393.49
394.54
394.72
394.45
394.24
394.21
394.88
394.55
394.23
394.75
394.74
394.20
394.22
394.25
394.26
395.87
395.56
395.21
395.20
395.89
395.88
395.23
395.22
395.70
395.74
395.26
396.09
396.50
396.19
396.30
396.72
396.54
396.70
396.90
396.22
396.23
396.24
396.88
396.21
396.71
397.21
397.73
397.23
397.22
397.26
397.75
397.18
397.71
397.90
397.55
397.72
397.74
397.24
398.76
398.24
398.67
398.77
398.21
398.87
398.20
398.74
398.71
398.46
398.73
398.72
398.56
398.22
399.87
399.57
399.89
399.74
399.20
399.55
399.25
399.26
399.76
400.25
400.19
400.72
400.53
400.22
400.74
400.75
400.24
400.92
400.20
400.26
400.23
401.16
401.92
401.21
401.57
401.71
401.24
401.86
401.88
401.74
401.26
401.75
401.33
402.22
402.55
402.54
402.43
402.73
402.21
402.90
402.23
402.76
402.25
402.70
402.24
402.75
402.26
403.87
403.89
403.23
403.22
403.69
403.18
403.70
403.54
403.21
403.72
403.71
403.90
403.74
403.73
403.27
403.25
404.15
404.71
404.55
404.72
404.20
404.23
404.25
404.69
404.24
404.73
404.22
404.56
404.54
404.19
404.57
404.74
405.20
405.21
405.75
405.89
405.88
405.90
405.72
405.69
405.23
405.25
405.22
405.73
406.89
406.18
406.88
406.96
406.87
406.24
406.73
406.22
406.21
406.56
406.52
406.72
406.75
406.57
406.77
406.26
406.20
406.92
406.25
407.55
407.73
407.71
407.46
407.44
407.89
407.97
407.54
407.72
407.21
407.20
407.74
407.69
407.26
407.24
407.77
407.27
407.23
407.75
408.79
408.96
408.56
408.55
408.88
408.95
408.23
408.21
408.74
408.73
408.25
408.22
408.20
408.24
408.65
408.72
408.91
408.26
408.27
408.92
409.56
409.96
409.68
409.72
409.22
409.21
409.73
409.90
409.24
409.70
409.18
409.23
409.51
409.75
409.74
409.20
409.65
409.26
409.78
410.53
410.26
410.54
410.88
410.57
410.24
410.21
410.70
410.72
410.74
410.18
410.19
410.71
410.25
410.23
410.17
410.91
410.77
411.23
411.22
411.21
411.25
411.75
411.89
411.54
411.24
411.57
411.73
412.46
412.54
412.72
412.71
412.18
412.21
412.22
412.75
412.24
412.23
412.26
412.56
412.78
412.29
413.27
413.23
413.55
413.45
413.70
413.54
413.71
413.21
413.88
413.72
413.97
413.89
413.91
413.22
413.25
413.28
413.26
414.54
414.67
414.88
414.25
414.85
414.24
414.71
414.76
414.60
415.04
415.01
415.71
415.23
415.75
415.55
415.97
415.24
415.76
415.19
415.25
415.29
416.72
416.54
416.71
416.88
416.74
416.69
416.21
416.23
416.55
416.26
416.29
416.24
416.70
416.25
416.93
417.87
417.55
417.73
417.20
417.72
417.56
417.76
417.25
417.22
417.23
417.64
417.71
417.28
417.24
417.27
417.89
417.92
417.77
418.22
418.21
418.90
418.89
418.75
418.26
418.73
418.71
418.58
418.20
418.25
418.74
418.78
418.24
418.31
419.32
419.27
419.20
419.90
419.57
419.89
419.88
419.74
419.72
419.21
419.91
419.23
419.24
419.56
419.99
419.25
419.26
419.59
420.86
420.21
420.19
420.91
420.24
420.22
420.70
420.76
420.55
420.57
420.78
420.74
420.73
420.75
421.53
421.90
421.22
421.23
421.24
421.76
421.75
421.25
421.74
421.72
421.26
421.77
421.57
421.70
421.68
421.52
422.54
422.23
422.90
422.89
422.18
422.19
422.76
422.74
422.92
422.27
422.55
422.56
422.25
422.24
422.20
422.26
422.71
422.98
422.73
422.75
423.89
423.21
423.57
423.85
423.18
423.91
423.96
423.48
423.90
423.25
423.75
423.87
423.73
423.59
423.22
423.26
423.23
423.74
423.76
423.24
423.19
423.28
423.27
423.60
424.08
424.71
424.72
424.70
424.22
424.57
424.88
424.75
424.26
424.25
424.49
424.23
424.73
424.74
424.24
424.89
424.76
425.73
425.20
425.57
425.87
425.46
425.88
425.24
425.93
425.25
425.23
425.75
425.74
425.56
425.21
425.22
425.77
425.76
425.19
425.28
425.69
425.90
425.26
426.60
426.73
426.24
426.45
426.86
426.25
426.22
426.74
426.76
426.21
426.23
426.75
426.70
426.28
426.72
427.91
427.27
428.26
428.73
429.28
430.77
430.24
430.71
430.73
430.22
431.88
431.72
431.23
431.22
431.74
431.57
431.48
431.85
431.58
431.09
431.25
431.26
431.73
432.75
432.22
432.88
432.59
432.23
432.76
432.73
432.26
432.25
432.89
432.71
432.91
432.79
432.60
432.52
433.57
433.90
433.96
433.76
433.23
433.56
433.21
433.26
433.24
433.74
433.25
433.73
433.27
433.60
434.56
434.87
434.88
434.59
434.55
434.20
434.26
434.25
434.23
434.22
434.21
434.19
434.82
434.77
434.95
434.80
435.89
435.18
435.26
435.23
435.76
435.24
435.74
435.59
435.48
435.22
435.73
435.27
435.25
435.69
435.28
435.53
435.91
435.78
436.87
436.58
436.20
436.75
436.24
436.27
436.22
436.56
436.76
436.57
436.71
436.73
436.74
436.25
436.26
436.29
436.78
436.77
436.28
437.91
437.21
437.58
437.73
437.24
437.23
437.25
437.54
437.59
437.74
437.57
437.22
437.92
437.76
437.77
437.27
437.83
438.57
438.74
438.84
438.21
438.25
438.86
438.90
438.24
438.69
438.73
438.23
438.22
438.71
438.72
438.75
438.91
438.27
438.77
438.76
438.29
439.75
439.21
439.90
439.22
439.24
439.25
439.27
439.87
439.57
439.74
439.72
439.58
439.23
439.73
439.26
439.02
439.79
440.22
440.20
440.54
440.24
440.23
440.91
440.69
440.73
440.29
440.74
440.78
440.27
440.59
440.77
441.90
441.23
441.21
441.24
441.54
441.25
441.74
441.59
441.77
441.22
441.97
441.92
441.72
441.76
441.53
441.28
441.19
441.27
441.29
441.62
442.88
442.20
442.58
442.24
442.19
442.27
442.21
442.86
442.72
442.29
442.89
442.23
442.75
442.25
442.78
442.59
442.26
442.28
442.73
442.76
442.60
442.80
443.25
443.29
443.78
443.95
445.48
445.78
445.69
445.59
445.76
445.24
445.25
445.27
446.19
446.26
446.22
446.25
446.20
447.74
447.77
447.20
447.56
447.46
447.21
447.54
447.55
447.71
447.24
447.22
447.76
447.26
447.25
447.28
447.75
447.62
447.27
448.57
448.24
448.27
448.72
448.77
448.21
448.78
448.75
448.23
448.28
448.73
448.22
448.76
448.58
448.12
449.55
449.58
449.87
449.22
449.89
449.21
449.29
449.24
449.28
449.91
449.25
449.59
449.77
449.78
449.56
449.57
449.62
450.98
450.89
450.48
450.22
450.25
450.27
450.71
450.58
450.88
450.61
450.59
450.90
450.26
450.24
450.57
450.73
450.30
450.29
450.70
450.77
450.52
450.03
451.55
451.28
451.86
451.72
451.56
451.25
451.74
451.27
451.26
451.22
451.57
451.23
451.24
451.75
451.20
451.73
451.76
451.77
451.79
451.78
451.18
451.31
452.23
452.91
452.21
452.22
452.24
452.58
452.16
452.26
452.74
452.73
452.76
452.59
452.25
452.78
452.77
452.88
452.28
452.50
452.29
452.30
452.95
452.80
453.21
453.26
453.72
453.68
453.74
453.48
453.92
453.93
453.58
453.24
453.23
453.76
453.25
453.50
453.29
453.75
453.77
453.34
453.78
453.28
454.54
454.73
454.25
454.57
454.72
454.58
454.90
454.87
454.23
454.89
454.75
454.74
454.30
454.76
454.70
454.71
454.27
454.32
454.21
454.29
454.28
454.79
455.90
455.25
455.73
455.24
455.74
455.26
455.91
455.72
455.23
455.22
455.75
455.28
455.27
456.29
456.56
456.54
456.20
456.76
456.25
456.71
456.28
456.21
456.59
456.99
456.77
456.73
456.74
456.26
456.32
457.28
457.22
457.55
457.29
457.91
457.49
457.25
457.23
457.76
457.73
457.88
457.57
457.71
457.27
457.79
457.90
457.77
457.03
458.91
458.25
458.24
458.70
458.69
458.58
458.92
458.26
458.20
458.30
458.22
458.57
458.77
458.79
458.62
458.54
459.72
459.22
459.55
459.57
459.56
459.58
459.24
459.93
459.76
459.73
459.28
460.72
460.90
460.25
460.88
460.56
460.26
460.19
460.27
460.76
460.58
460.24
460.80
460.78
460.79
460.01
460.95
461.25
461.23
461.57
461.24
461.22
461.72
461.58
461.97
461.89
461.21
461.73
461.26
461.75
461.79
461.28
461.93
461.76
461.01
461.95
461.04
462.72
462.29
462.76
462.15
462.78
462.27
462.90
462.23
462.77
462.75
462.26
462.94
462.95
462.83
463.72
463.90
463.91
463.23
463.76
463.77
463.60
463.74
463.26
463.25
463.79
463.29
463.28
464.56
464.23
464.76
464.21
464.88
464.14
464.99
464.78
464.57
464.52
464.55
464.80
464.58
464.25
464.20
464.28
464.75
464.77
464.27
464.30
464.63
464.89
464.81
465.74
465.75
465.24
465.26
465.57
465.21
465.66
465.77
465.22
465.78
465.73
465.76
465.23
465.59
465.60
465.27
465.72
465.80
465.25
465.54
465.29
465.79
466.23
466.91
466.90
466.24
466.69
466.25
466.47
466.75
466.27
466.21
466.98
466.26
466.28
466.77
466.78
466.61
467.25
467.51
467.91
467.74
467.54
468.00
467.21
467.75
467.23
467.49
467.26
467.72
467.61
467.77
467.78
467.29
467.28
467.52
467.30
467.62
467.96
468.57
468.24
468.89
468.48
468.20
468.27
468.91
468.29
468.25
468.28
468.19
468.72
468.90
468.63
468.04
468.30
468.79
469.92
469.26
469.88
469.86
469.99
469.24
469.75
469.20
469.77
469.93
469.19
469.48
469.22
469.73
469.74
469.89
469.27
469.76
469.81
469.79
469.01
469.78
469.80
470.25
470.74
470.27
470.72
470.76
470.46
470.30
470.75
470.77
470.78
470.32
470.81
470.33
471.58
471.72
471.57
471.75
471.71
471.27
471.22
471.87
471.24
471.77
471.60
471.28
471.29
471.62
471.74
471.78
471.95
472.55
472.23
472.56
472.22
472.90
472.76
472.74
472.20
472.27
472.91
472.29
472.50
472.28
472.25
472.59
472.26
472.77
472.70
472.31
472.96
472.17
473.89
473.56
473.57
473.99
473.92
473.23
473.72
473.22
473.93
473.59
473.24
473.25
473.73
473.74
473.28
473.30
473.27
473.60
473.63
473.81
473.12
473.17
473.33
474.57
474.59
474.26
474.90
474.58
474.54
474.60
474.17
474.75
474.92
474.91
474.79
474.27
474.56
474.29
474.28
474.31
475.49
475.74
475.76
475.59
475.73
475.28
475.68
475.54
475.27
475.25
475.26
475.77
475.22
475.94
475.24
475.29
475.78
475.00
476.25
476.26
476.73
476.24
476.58
476.55
476.27
476.91
476.92
476.76
476.94
476.28
476.95
476.74
476.75
476.31
476.93
476.90
476.62
476.30
476.81
477.24
477.87
477.56
477.72
477.77
477.27
477.74
477.59
477.75
477.92
477.25
477.93
477.23
477.31
477.29
477.60
477.28
477.82
477.63
477.96
478.23
478.48
478.58
478.26
478.27
478.92
478.77
478.76
478.59
478.22
478.78
478.24
478.25
478.79
478.95
478.97
478.98
478.96
478.30
478.82
479.26
479.72
479.24
479.56
479.28
479.78
479.25
479.60
479.29
479.95
479.76
479.80
479.20
479.35
480.72
480.25
480.92
480.58
480.59
480.56
480.23
480.55
480.74
480.73
480.78
480.90
480.93
480.76
480.60
480.24
480.26
480.77
480.28
480.22
480.27
480.80
480.31
481.96
481.91
481.23
481.60
481.55
481.92
481.94
481.25
481.74
481.27
481.24
481.59
481.76
481.51
481.73
481.93
481.77
481.95
481.79
481.28
481.26
481.75
481.30
481.29
482.71
482.25
482.55
482.20
482.76
482.91
482.21
482.49
482.74
482.28
482.24
482.26
482.23
482.75
482.58
482.27
482.73
482.77
482.30
482.82
482.63
483.24
483.74
483.71
483.47
483.25
483.27
483.75
483.26
483.72
483.94
483.76
483.73
483.30
483.80
483.05
484.25
484.22
484.74
484.77
484.91
484.57
484.73
484.21
484.28
484.93
484.24
484.79
484.92
484.31
484.26
484.60
485.23
485.71
485.92
485.27
485.79
485.77
485.24
485.76
485.91
485.89
485.78
485.26
485.51
485.93
485.75
485.20
485.30
485.06
485.32
486.25
486.60
486.91
486.24
486.74
486.29
486.27
486.62
486.94
486.75
486.31
486.76
486.50
486.26
486.78
486.30
486.80
486.02
486.63
486.28
486.33
487.59
487.91
487.89
487.25
487.93
487.88
487.74
487.58
487.26
487.77
487.76
487.24
487.30
487.28
487.27
487.73
487.23
487.92
487.08
487.78
487.31
487.97
487.98
487.56
487.55
488.76
488.24
488.26
488.92
488.73
488.80
488.31
488.25
488.72
488.74
488.27
488.28
488.75
488.96
488.29
488.98
489.06
489.26
489.23
489.91
489.75
489.27
489.29
489.73
489.77
489.95
489.78
489.30
489.31
489.61
489.32
489.80
490.24
490.91
490.76
490.56
490.58
490.89
490.26
490.77
490.28
490.23
490.25
490.74
490.90
490.27
490.30
490.29
490.32
490.57
490.61
490.78
490.95
490.73
490.80
491.59
491.75
491.25
491.77
491.73
491.24
491.23
491.78
491.29
491.74
491.21
491.33
491.76
491.96
491.30
491.81
491.05
491.56
491.06
491.79
492.91
492.59
492.89
492.78
492.26
492.73
492.94
492.23
492.27
492.75
492.58
492.72
492.24
492.28
492.29
492.30
492.76
492.50
492.77
492.82
492.84
493.56
493.28
493.26
493.74
493.23
493.25
493.27
493.77
493.80
493.76
493.59
493.73
493.78
493.72
493.30
493.31
493.75
493.81
493.99
493.65
493.63
494.23
494.88
494.24
494.25
494.75
494.57
494.91
494.27
494.59
494.77
494.30
494.74
494.26
494.76
494.78
494.94
494.28
494.79
494.80
494.31
494.32
494.34
495.81
495.25
495.60
495.24
495.62
495.26
495.76
495.75
495.71
495.78
495.77
495.92
495.23
495.95
495.28
495.27
495.82
495.80
495.29
495.74
495.06
496.25
496.58
496.74
496.59
496.22
496.91
496.78
496.88
496.90
496.92
496.77
496.31
496.30
496.97
496.26
496.76
496.93
496.28
496.60
496.79
496.80
496.75
496.32
496.27
496.98
496.07
497.01
497.48
497.91
497.25
497.78
497.26
497.94
497.76
497.81
497.75
497.31
497.27
497.59
497.92
497.77
497.24
497.29
497.73
497.98
498.78
498.23
498.27
498.58
498.75
498.22
498.24
498.28
498.25
498.96
498.77
498.33
498.71
498.30
498.80
498.56
498.31
498.82
499.89
499.59
499.56
499.25
499.23
499.57
499.76
499.26
499.95
499.87
499.74
499.30
499.92
499.31
499.22
499.28
499.29
499.62
499.75
499.78
499.81
499.32
500.24
500.61
500.76
500.59
500.58
500.30
500.28
500.77
500.27
500.22
500.73
500.31
500.29
500.81
500.94
500.25
500.80
500.36
501.25
501.76
501.62
501.31
501.79
501.28
501.26
501.27
501.78
501.93
501.30
501.64
502.27
502.28
502.76
502.25
502.94
502.29
502.58
502.30
502.74
502.24
502.81
502.65
502.82
503.27
503.91
503.11
503.79
503.81
503.58
503.26
503.75
503.56
503.28
503.63
503.31
504.57
504.24
504.70
504.25
504.30
504.28
504.26
504.77
504.79
504.32
505.73
505.22
505.93
505.75
505.31
505.50
505.23
505.80
505.26
505.25
505.60
505.28
505.72
505.27
505.99
505.92
505.97
505.10
505.29
505.83
506.91
506.29
506.81
506.28
506.75
506.27
506.31
506.26
506.24
506.30
506.52
506.78
506.96
506.79
506.83
506.98
506.77
506.07
506.25
506.85
507.24
507.76
507.55
507.22
507.27
507.75
507.90
507.73
507.25
507.80
507.23
507.28
507.96
507.29
507.77
507.74
507.33
507.81
507.78
508.21
508.74
508.77
508.91
508.60
508.27
508.57
508.22
508.24
508.59
508.25
508.80
508.28
508.93
508.61
508.30
508.94
508.63
508.79
508.51
508.66
508.33
508.26
508.32
508.35
508.31
509.58
509.74
509.91
509.75
509.76
509.27
509.25
509.28
509.94
509.26
509.61
509.24
509.79
509.80
509.23
509.30
509.92
509.22
509.72
509.02
509.31
509.96
509.73
509.95
509.82
509.32
509.57
509.65
510.49
510.59
510.25
510.72
510.27
510.32
510.76
510.30
510.78
510.33
510.28
510.29
510.04
510.79
510.26
510.63
510.82
511.88
511.92
511.74
511.26
511.98
511.58
511.78
511.81
511.25
511.27
511.96
511.32
511.73
511.65
511.28
511.31
511.29
511.33
511.77
511.83
511.64
511.75
512.88
513.00
512.90
512.23
512.78
512.76
512.57
512.95
512.22
512.27
512.59
512.94
512.56
512.26
512.73
512.29
512.24
512.92
512.61
512.53
512.79
512.65
512.06
512.31
512.81
512.34
513.78
513.01
513.94
513.73
513.91
513.27
513.62
513.93
513.57
513.30
513.29
513.58
513.79
513.24
513.31
513.23
513.77
513.80
513.63
513.28
513.25
513.26
513.83
513.32
513.33
514.60
514.24
514.51
514.75
514.25
514.58
514.30
514.29
514.80
514.81
514.32
514.27
514.77
514.76
514.79
514.26
514.83
514.36
515.74
515.75
515.30
515.80
515.76
515.32
515.28
515.26
515.23
515.25
515.79
515.73
515.77
515.94
515.62
515.27
515.78
515.82
515.98
515.40
516.25
516.60
516.77
516.27
516.93
516.78
516.72
516.29
516.26
516.80
516.30
516.75
516.59
516.31
516.97
516.32
516.34
516.07
516.36
517.28
517.26
517.19
517.22
517.58
517.76
517.29
517.78
517.31
517.97
517.27
517.60
517.33
517.32
517.35
518.27
518.24
518.25
518.79
518.73
518.80
518.77
518.28
518.81
518.75
518.83
518.32
518.30
518.26
518.95
518.34
518.08
519.75
519.91
519.32
519.29
519.14
519.57
519.80
519.27
519.76
519.60
519.30
519.59
519.26
520.75
520.23
520.29
520.79
520.27
520.30
520.21
520.28
520.26
520.73
520.93
520.31
520.65
520.58
521.21
521.77
521.74
521.76
521.29
521.23
521.95
521.61
521.24
521.28
521.30
521.94
521.31
521.80
521.81
521.82
521.65
521.75
522.77
522.57
522.79
522.94
522.78
522.74
522.28
522.23
522.50
522.29
522.27
522.31
522.26
522.22
522.81
522.80
522.62
522.30
522.32
522.82
522.37
523.26
523.59
523.24
523.22
523.74
523.29
523.27
523.79
523.75
523.77
523.28
523.25
523.90
523.30
523.78
523.61
523.31
523.00
523.34
523.82
523.35
524.75
524.25
524.27
524.28
524.77
524.78
524.00
524.32
524.76
524.26
524.24
524.74
524.59
524.23
524.95
524.57
524.93
524.72
524.96
524.79
524.30
524.62
524.81
524.31
524.29
524.83
524.34
524.36
524.38
524.39
525.93
525.58
525.79
525.26
525.73
525.81
525.29
525.80
525.27
525.25
525.75
525.92
525.24
525.76
525.61
525.78
525.31
525.33
526.75
526.28
526.25
526.26
526.29
526.91
526.22
526.79
526.81
526.50
526.30
526.03
526.74
526.80
526.82
526.27
526.24
526.78
526.97
526.33
526.32
526.66
527.92
527.93
528.00
527.78
527.59
527.63
527.95
527.27
527.91
527.25
527.76
527.60
527.75
527.28
527.33
527.32
527.61
527.02
527.85
527.29
527.24
527.31
527.83
527.66
527.30
527.84
527.88
528.58
528.24
528.25
528.92
528.75
528.28
528.30
528.26
528.50
528.79
528.23
528.61
528.76
528.31
528.80
528.81
528.64
528.32
528.56
528.38
528.98
528.77
528.78
528.34
529.25
529.60
529.26
529.31
529.92
529.80
529.27
529.32
529.30
529.77
529.33
529.93
529.81
529.02
529.78
529.29
529.09
529.36
530.59
530.23
530.61
530.25
530.26
530.78
530.76
530.89
530.75
530.55
530.79
530.27
530.28
530.31
530.32
530.81
530.80
530.64
530.33
530.99
530.98
530.34
531.92
531.78
531.29
531.75
531.27
531.98
531.79
531.26
531.77
531.28
531.72
531.30
531.31
531.82
531.84
531.33
531.58
532.28
532.83
532.27
532.59
532.97
532.30
532.92
532.77
532.78
532.76
532.26
532.24
532.32
532.75
532.31
532.00
532.34
532.33
533.74
533.26
533.24
533.48
533.77
533.59
533.25
533.82
533.27
533.75
533.23
533.34
533.58
533.94
533.55
533.31
533.32
533.62
533.00
533.79
533.83
534.25
534.24
534.27
534.78
534.26
534.29
534.31
534.63
534.82
534.77
534.62
534.79
534.84
534.33
535.30
535.64
535.78
535.77
535.29
535.25
535.27
535.80
535.96
535.33
536.27
536.79
536.77
536.84
536.31
536.33
536.63
536.32
536.30
536.29
536.81
536.52
536.17
537.95
537.28
537.02
537.27
537.79
537.32
537.26
537.62
537.29
537.94
537.68
538.16
538.73
538.69
538.80
538.77
538.61
538.76
538.30
538.78
538.27
538.26
538.25
538.29
538.94
538.79
538.63
538.75
538.33
538.97
538.40
539.93
539.80
539.27
539.23
539.92
539.74
539.77
539.25
539.32
539.30
539.29
539.78
539.31
539.28
539.75
539.40
540.48
540.92
540.27
540.94
540.74
540.24
540.30
540.76
540.28
540.81
540.75
540.26
540.25
540.79
540.29
540.31
540.20
540.84
540.95
540.35
540.10
541.83
541.78
541.77
541.73
541.80
541.76
541.30
541.27
541.34
541.75
541.81
541.28
541.29
541.94
541.26
541.32
541.95
541.00
542.26
542.24
542.79
542.28
542.25
542.61
542.76
542.91
542.51
542.89
542.33
542.96
542.32
542.81
542.78
542.00
542.95
542.80
542.84
542.35
543.76
543.30
543.26
544.00
543.78
543.22
543.88
543.63
543.29
543.28
543.31
543.95
543.96
543.81
543.94
543.06
543.97
543.79
543.09
543.34
543.84
543.37
544.01
544.76
544.26
544.91
544.29
544.27
544.77
544.02
544.59
544.80
544.72
544.32
544.78
544.28
544.30
544.33
544.23
544.79
544.31
544.35
544.83
544.39
545.75
545.24
545.91
545.77
545.29
545.26
545.78
545.27
545.97
545.30
545.33
545.81
545.74
545.63
545.28
545.90
545.92
545.79
545.83
545.61
545.95
545.32
545.36
546.94
546.27
546.25
546.91
546.73
546.59
546.78
546.28
546.26
546.80
546.30
546.31
546.77
546.29
546.21
546.82
546.76
546.33
546.84
546.35
546.68
547.24
547.27
547.74
547.92
547.75
547.76
547.30
547.29
547.25
547.80
547.71
547.93
547.34
547.78
547.96
547.26
547.82
547.33
547.32
547.64
547.77
547.62
547.28
547.98
547.01
547.79
548.79
548.76
548.77
548.74
548.25
548.75
548.30
548.82
548.92
548.29
548.80
548.27
548.32
548.78
548.62
548.98
548.31
548.83
548.34
548.64
549.50
549.61
549.93
549.95
549.77
549.23
549.81
549.08
549.60
549.57
549.79
549.27
549.78
549.65
549.75
549.30
549.54
549.97
549.80
549.70
549.34
549.32
549.85
549.69
549.40
550.79
550.59
550.93
550.24
550.25
550.80
550.81
550.26
550.23
550.30
550.28
550.29
550.78
550.27
550.32
550.61
550.33
550.63
550.65
550.04
550.54
550.95
550.31
550.00
550.09
550.35
551.25
551.77
551.30
551.27
551.75
551.79
551.28
551.31
551.26
551.29
551.78
551.33
551.63
551.96
551.83
551.32
551.81
551.00
551.10
551.34
551.38
552.29
552.27
552.79
552.78
552.92
552.73
552.80
552.26
552.77
552.32
552.30
552.31
552.25
552.02
552.67
552.75
552.64
552.33
552.81
552.82
552.28
552.66
552.34
552.69
552.35
552.89
553.26
553.78
553.79
553.29
553.77
553.61
553.76
553.31
553.30
553.63
553.28
553.27
553.36
553.02
553.75
553.33
553.83
553.85
553.60
553.59
553.34
553.37
554.24
554.27
554.60
554.30
554.92
554.62
554.79
554.77
554.31
554.28
554.80
554.32
554.29
554.63
554.81
554.35
554.84
555.58
555.25
555.32
555.30
555.77
555.26
555.29
555.28
555.35
555.93
555.82
555.75
555.27
555.33
555.37
555.34
555.96
555.68
555.85
556.27
556.79
556.25
556.28
556.60
556.18
556.80
556.93
556.24
556.75
556.26
556.63
556.32
556.03
556.81
556.83
556.33
556.68
556.01
556.84
556.09
556.34
557.94
557.28
557.30
557.02
557.62
557.55
557.33
557.75
557.29
557.59
557.96
557.82
557.81
557.26
557.85
557.99
557.95
557.65
557.79
557.98
557.66
557.60
557.80
557.83
557.35
558.61
558.25
558.26
558.76
558.27
558.30
558.74
558.77
558.95
558.31
558.64
558.99
558.79
558.83
558.35
558.86
559.61
559.30
559.28
559.27
559.75
559.76
559.79
559.29
559.26
559.31
559.94
559.78
559.25
559.65
559.24
559.32
559.83
559.36
559.39
560.74
560.27
560.26
560.29
560.53
560.30
560.03
560.84
560.60
560.77
560.79
560.33
560.05
560.80
560.31
560.34
560.06
560.36
560.38
561.80
561.26
561.24
561.28
561.31
561.52
561.32
561.62
561.73
561.30
561.25
561.79
561.81
561.29
561.63
561.69
561.35
561.86
561.38
562.26
562.95
562.25
562.29
562.93
562.82
562.31
562.77
562.27
562.23
562.97
562.78
562.30
562.81
562.60
562.63
562.34
562.84
562.36
562.38
562.02
562.56
563.61
563.26
563.30
563.77
563.27
563.29
563.62
563.31
563.28
563.99
563.98
563.53
563.79
563.32
563.78
563.80
563.64
563.25
563.33
563.82
563.34
563.59
563.47
563.19
564.30
564.25
564.91
564.94
564.79
564.61
564.77
564.31
564.26
564.27
564.80
564.76
564.34
564.64
564.81
564.58
564.36
564.62
564.84
564.32
564.68
564.96
564.60
564.89
565.75
565.76
565.59
565.28
565.29
565.30
565.27
565.83
565.81
565.77
565.84
565.80
565.99
565.26
565.32
565.68
565.78
565.10
566.27
566.28
566.76
566.29
566.61
566.64
566.96
566.79
566.35
566.81
566.30
566.82
566.77
566.80
566.33
566.31
566.43
566.32
566.83
566.65
566.62
567.01
567.31
567.96
567.28
567.76
567.26
567.79
567.78
567.27
567.29
567.81
567.32
567.30
567.80
567.84
567.34
567.65
567.03
567.60
567.39
568.98
568.24
568.78
568.27
568.33
568.62
568.80
568.36
568.32
568.76
568.79
568.29
568.84
568.83
568.66
568.97
568.30
568.85
568.86
569.26
569.30
569.77
569.81
569.27
569.79
569.28
569.84
569.97
569.59
569.29
569.53
569.34
569.00
569.35
569.82
569.33
569.76
569.36
570.61
570.80
570.72
570.57
570.78
570.76
570.77
570.29
570.28
570.33
570.66
570.32
570.98
570.31
570.36
570.35
570.69
570.30
571.26
571.28
571.60
571.78
571.61
571.62
571.27
571.31
571.82
571.81
571.77
571.04
571.24
571.34
571.35
571.80
571.64
571.30
571.79
571.85
572.32
572.79
572.80
572.60
572.31
572.34
572.26
572.82
572.53
572.30
572.97
572.28
572.81
572.85
572.35
572.29
572.33
572.86
572.36
572.40
573.30
573.32
573.82
573.80
573.77
573.29
573.28
573.60
573.63
573.64
573.97
573.31
573.33
573.65
573.27
573.96
573.84
573.34
573.83
573.81
573.85
573.76
573.11
573.36
574.27
574.74
574.53
574.78
574.26
574.75
574.30
574.98
574.76
574.64
574.31
574.79
574.34
574.00
574.80
574.84
574.28
574.35
574.36
574.40
575.26
575.29
575.28
575.30
575.77
575.83
575.32
575.34
575.31
575.81
575.33
575.84
575.79
575.54
575.01
575.61
575.39
575.36
576.29
576.79
576.77
576.63
576.96
576.26
576.78
576.80
576.32
576.97
576.95
576.98
576.31
576.30
576.34
576.81
576.25
576.85
576.24
576.03
576.36
576.86
576.41
577.81
577.79
577.61
577.29
577.33
577.30
577.84
577.31
577.35
577.37
577.85
577.34
578.92
578.72
578.75
578.80
578.77
578.28
578.27
578.31
578.82
578.83
578.29
578.32
578.34
578.85
578.36
578.26
578.35
578.30
579.61
579.28
579.29
579.79
579.98
579.93
579.96
579.76
579.31
579.80
579.26
579.82
579.33
579.67
579.65
579.32
579.34
579.81
579.35
579.11
579.86
579.69
580.76
580.79
580.95
580.28
580.92
580.80
580.77
580.32
580.78
580.30
580.37
580.33
580.35
580.08
580.82
580.36
580.34
580.31
580.84
580.81
580.25
580.87
581.29
581.28
581.78
581.24
581.77
581.27
581.85
581.31
581.97
581.83
581.26
581.32
581.96
581.30
581.68
581.34
581.95
581.33
581.99
581.70
581.37
581.41
582.52
582.27
582.95
582.28
582.83
582.75
582.31
582.29
582.82
582.80
582.32
582.26
582.64
582.87
582.34
582.36
582.33
582.35
582.65
582.04
582.30
582.38
582.39
583.78
583.30
583.26
583.95
583.79
583.77
583.29
583.32
583.27
583.35
583.76
583.02
583.33
583.31
583.82
583.86
583.80
584.80
584.30
584.99
584.26
584.27
584.33
584.34
584.29
584.32
584.79
584.64
584.83
584.37
584.31
584.86
584.77
584.28
584.38
584.12
584.76
585.28
585.60
585.96
585.33
585.32
585.30
585.77
585.36
585.31
585.29
585.78
585.99
585.68
585.80
585.34
585.35
585.03
586.78
586.29
586.25
586.82
586.31
586.27
586.26
586.84
586.64
586.28
586.66
586.30
586.81
586.99
586.36
586.61
586.38
587.26
587.76
587.78
587.85
587.30
587.31
587.28
587.79
587.80
587.34
587.29
587.96
587.83
587.97
587.32
587.81
587.77
588.00
587.36
587.84
587.65
587.37
588.77
588.94
588.31
588.32
588.54
588.30
588.34
588.82
588.81
588.27
588.36
588.29
588.07
588.38
588.43
588.40
588.37
588.41
589.75
589.81
589.79
589.98
589.29
589.32
589.34
589.28
589.26
589.36
589.33
589.80
590.00
589.86
589.11
589.39
589.40
590.79
590.78
590.76
590.72
590.25
590.31
590.30
590.82
590.28
590.33
590.67
590.85
590.32
590.36
590.87
590.70
590.20
591.28
591.79
591.72
591.63
591.31
591.29
591.27
591.32
591.80
591.35
591.36
591.81
591.04
592.31
592.78
592.73
592.28
592.32
592.98
592.33
592.05
592.30
592.29
592.37
592.83
592.06
592.82
593.28
593.71
593.59
593.16
593.75
593.82
593.29
593.64
593.78
593.33
593.97
593.80
593.30
593.83
593.31
593.34
593.87
593.35
593.86
593.37
594.77
594.95
594.81
594.28
594.31
594.78
594.29
594.30
594.79
594.33
594.85
594.82
594.35
594.57
594.83
594.03
594.12
594.34
594.37
595.15
595.26
595.77
595.97
595.27
595.95
595.28
595.34
595.31
595.78
595.81
595.30
595.32
595.25
595.02
595.80
595.99
595.35
595.33
595.03
595.86
595.13
595.37
596.29
596.31
596.32
596.78
596.97
596.27
596.33
596.75
596.28
596.34
596.80
596.30
596.85
596.83
596.38
596.71
596.61
596.37
596.36
596.91
596.41
597.78
597.28
597.80
597.51
597.27
597.79
597.30
597.29
597.31
597.36
597.32
597.86
597.81
597.85
597.76
597.37
597.62
597.40
598.92
598.26
598.27
598.77
598.28
598.30
598.83
598.31
598.34
598.79
598.36
598.29
598.81
598.85
598.37
598.87
598.43
599.31
599.76
599.77
599.33
599.29
599.34
599.79
599.86
599.38
599.03
599.32
599.36
599.67
599.35
599.80
599.70
599.71
600.30
600.62
600.32
600.28
600.34
600.31
600.26
600.65
600.80
600.01
600.77
600.82
600.36
600.04
600.11
601.79
601.29
601.31
601.96
601.33
601.77
601.65
601.80
601.32
601.76
601.26
601.97
601.35
601.36
601.81
601.88
601.22
602.60
602.78
602.83
602.81
602.63
602.79
602.32
602.30
602.35
602.85
602.34
602.26
602.82
602.33
602.31
602.37
602.38
602.89
603.81
603.32
603.30
603.60
603.74
603.80
603.31
603.33
603.79
603.34
603.63
603.82
603.65
603.29
603.35
603.36
603.38
603.42
604.96
604.65
604.79
604.25
604.78
604.30
604.34
604.32
604.31
604.97
604.81
604.86
604.33
604.80
604.37
604.87
604.12
604.39
605.28
605.30
605.23
605.78
605.31
605.96
605.27
605.57
605.33
605.65
605.29
605.35
605.83
605.85
605.32
605.34
605.81
605.77
605.84
606.00
605.87
605.82
605.79
605.71
605.38
606.74
606.97
606.30
607.00
606.80
606.84
606.81
606.34
606.29
606.28
606.31
606.32
606.35
606.76
606.82
606.79
606.85
606.26
606.38
606.14
607.28
607.96
607.80
607.81
607.76
607.31
607.35
607.83
607.34
607.87
607.03
607.65
607.37
608.83
608.31
608.84
608.54
608.29
608.35
608.30
608.97
608.33
608.37
608.38
608.34
608.70
609.66
609.30
609.29
609.32
609.83
609.31
609.84
609.56
609.33
609.97
609.35
609.88
610.18
610.27
610.30
610.79
610.31
610.35
610.78
610.29
610.81
610.97
610.99
610.36
610.34
610.32
610.83
611.79
611.32
611.33
611.34
611.82
611.74
611.31
611.68
611.80
611.30
611.08
611.87
611.35
611.58
611.05
612.33
612.78
612.24
612.77
612.29
612.79
612.30
612.80
612.76
612.81
612.82
612.37
612.34
612.86
612.97
612.88
612.31
612.36
613.28
613.29
613.32
613.33
613.26
613.34
613.35
613.04
613.83
613.85
613.68
613.39
613.99
614.96
614.31
614.79
614.29
614.32
614.33
614.35
614.85
614.82
614.34
614.66
614.38
614.71
615.81
615.80
615.30
615.78
615.33
615.82
615.35
615.37
615.65
615.72
615.88
615.38
615.34
615.36
615.40
616.79
616.30
616.96
616.77
616.33
616.78
616.35
616.80
616.32
616.99
616.36
616.84
616.87
616.82
616.85
616.68
616.95
616.34
616.43
616.39
617.76
617.30
617.80
617.33
617.78
617.31
617.86
617.35
617.64
617.29
617.84
617.87
617.34
617.82
617.37
617.85
617.32
617.26
618.27
618.74
618.78
618.84
618.73
618.79
618.32
618.33
618.35
618.83
618.80
618.96
618.85
618.00
618.36
618.86
618.31
618.30
618.38
618.88
618.42
619.29
619.98
619.26
619.82
619.31
619.27
619.84
619.33
619.85
619.36
619.83
619.35
619.68
619.38
619.04
619.37
619.89
619.63
620.24
620.98
620.32
620.84
620.85
620.31
620.27
620.33
620.99
620.30
620.82
620.80
620.34
620.02
620.81
620.37
620.88
620.29
620.05
620.39
620.14
620.38
620.06
621.28
621.33
621.98
621.27
621.29
621.63
621.35
621.81
621.06
621.78
621.84
621.32
621.36
621.80
621.85
621.38
621.37
621.83
621.86
621.39
621.88
622.49
622.62
622.31
622.34
622.81
622.27
622.83
622.37
622.32
622.33
622.82
622.28
622.98
622.84
622.67
622.87
622.85
622.30
622.88
622.63
623.95
623.80
623.81
623.27
623.30
623.34
623.31
623.33
623.05
624.00
623.79
623.97
623.02
623.35
623.99
623.86
623.98
623.82
623.32
623.84
623.29
623.83
623.38
623.64
624.81
624.31
624.80
624.82
624.30
624.95
624.78
624.84
624.65
624.79
624.29
624.77
624.37
624.33
624.83
624.35
624.38
624.64
624.39
624.34
624.88
625.28
625.78
625.26
625.30
625.29
625.33
625.84
625.32
625.27
625.98
625.34
625.31
625.82
625.97
625.56
625.67
625.65
625.02
625.68
625.85
625.73
625.39
625.43
626.72
626.79
626.80
626.93
626.30
626.94
626.35
626.83
626.32
627.00
626.27
626.29
626.81
626.33
626.31
626.36
626.84
626.87
626.26
626.38
626.86
626.85
626.06
626.37
626.88
627.63
627.80
627.79
627.32
627.29
627.33
627.82
627.81
627.28
627.37
627.66
627.35
627.69
627.89
627.86
627.84
627.39
627.14
628.29
628.31
628.32
628.84
628.33
628.76
628.99
628.77
628.98
628.37
628.82
628.34
628.35
628.67
628.89
628.81
628.15
628.18
629.34
629.33
629.52
629.67
629.78
629.82
629.85
629.36
629.35
629.81
629.32
629.98
629.84
629.39
629.12
629.29
629.80
629.05
629.63
629.37
630.78
630.86
630.28
630.31
630.84
630.35
630.82
630.36
630.32
630.33
630.00
630.98
630.02
630.85
630.70
630.37
630.81
630.83
630.01
630.06
630.79
631.00
630.64
631.98
631.78
631.54
631.30
631.29
631.35
631.84
631.32
631.33
631.85
631.96
631.82
631.31
631.01
631.37
631.39
631.62
631.65
632.80
632.31
632.76
632.78
632.28
632.30
632.32
632.34
632.35
632.97
632.09
632.37
632.41
632.82
632.03
632.33
632.83
632.39
633.83
633.97
633.80
633.28
633.31
633.87
633.27
633.78
633.33
633.34
633.82
633.30
633.32
633.81
633.36
633.85
633.69
633.02
633.29
633.89
633.41
633.43
634.85
634.54
634.32
634.61
634.27
634.82
634.31
634.35
634.39
634.33
634.84
634.78
634.56
634.36
634.38
634.68
634.89
634.65
634.90
634.86
635.34
635.78
635.98
635.82
635.31
635.26
635.30
635.83
635.79
635.36
635.32
635.84
635.38
635.37
635.39
635.86
635.35
635.06
636.81
636.96
636.31
636.78
636.61
636.80
636.97
636.93
636.33
636.30
636.32
636.35
636.75
636.29
636.34
636.38
636.88
636.36
636.40
637.30
637.78
637.32
637.81
637.31
637.84
637.85
637.29
637.33
637.28
637.64
637.83
637.72
637.99
637.86
637.39
637.14
637.40
637.91
637.41
638.30
638.82
638.28
638.97
638.32
638.33
638.67
638.29
638.79
638.35
638.27
638.94
638.36
638.65
638.86
638.83
638.05
638.39
638.14
638.90
638.37
638.40
639.78
639.32
639.31
639.30
639.28
639.86
639.34
639.77
639.68
639.80
639.84
639.37
639.82
639.33
639.69
639.35
639.88
639.40
639.39
639.72
640.27
640.34
640.30
640.81
640.80
640.32
640.33
640.28
640.77
640.67
640.79
640.37
640.87
640.88
640.90
640.40
640.74
640.64
640.39
641.34
641.79
641.77
641.82
641.84
641.80
641.86
641.36
641.68
641.30
641.33
641.38
641.32
641.39
641.03
641.37
641.88
641.27
641.85
641.65
641.40
642.32
642.62
642.28
642.35
642.81
642.85
642.39
642.79
642.01
642.31
642.37
642.86
642.40
642.15
642.41
642.89
643.34
643.24
643.64
643.99
643.77
643.86
643.28
643.35
643.81
643.37
643.87
643.82
643.89
643.39
643.36
643.38
643.41
643.32
643.40
643.73
643.33
644.29
644.83
644.32
644.82
644.84
644.37
644.36
644.96
644.85
644.33
644.39
644.06
644.89
644.38
645.83
645.79
645.31
645.34
645.35
645.36
645.81
645.32
645.33
645.00
645.38
645.40
645.84
645.89
645.90
645.07
645.88
645.41
646.29
646.31
646.33
646.34
646.30
646.85
646.86
646.32
646.64
646.83
646.92
646.36
646.35
646.91
646.37
646.90
646.89
646.40
646.16
646.44
646.47
647.82
647.25
647.28
647.33
647.32
647.30
647.01
647.80
647.08
647.83
647.34
647.38
647.66
647.70
647.11
647.31
647.89
647.41
647.45
648.84
648.31
648.79
648.75
648.32
648.81
648.33
648.38
648.29
648.83
648.34
648.77
648.00
648.37
648.36
648.70
648.39
648.82
648.68
648.40
648.42
648.45
649.33
649.27
649.60
649.29
649.31
649.84
649.32
649.82
649.25
649.28
649.36
649.39
649.66
649.89
649.02
649.74
649.15
649.40
650.53
650.84
650.31
650.27
650.33
650.82
650.35
650.86
650.34
650.79
650.88
650.32
650.40
650.37
650.41
650.16
650.28
651.33
651.64
651.37
651.30
651.83
651.81
651.35
651.32
651.34
651.96
651.82
651.77
651.58
651.84
651.69
651.36
651.00
651.02
652.04
652.30
652.82
652.65
652.28
652.80
652.01
652.32
652.79
652.83
652.34
652.03
652.36
652.86
652.41
652.35
652.37
652.73
653.84
653.27
653.35
653.30
653.81
653.31
653.28
653.39
653.33
653.85
653.37
653.41
654.77
654.83
654.82
654.32
654.33
654.35
654.03
654.37
654.30
654.85
654.34
654.31
654.38
654.90
654.40
654.46
655.98
655.80
655.34
655.30
655.83
655.84
655.81
655.28
655.32
655.39
655.40
655.78
656.00
655.35
655.86
655.02
655.31
655.85
655.08
655.88
655.87
655.38
655.90
655.15
655.41
655.42
655.44
656.60
656.81
656.82
656.83
656.84
656.36
656.34
656.32
656.38
656.80
656.30
656.33
656.40
656.31
656.95
656.87
656.66
656.41
656.91
656.88
656.39
657.00
657.79
657.33
657.85
657.84
657.32
657.35
657.03
657.38
657.26
657.29
657.36
657.90
657.66
657.41
658.79
658.34
658.86
658.35
658.33
658.81
658.83
658.38
658.80
658.31
658.32
658.40
658.00
658.30
658.41
658.82
658.04
658.36
658.88
658.74
658.71
659.82
659.28
659.79
659.32
659.35
659.36
659.29
659.02
659.34
659.38
659.03
659.74
659.66
659.39
660.99
660.32
660.36
660.31
660.34
660.35
660.85
660.33
660.37
660.86
660.40
660.83
660.38
660.92
660.84
660.41
661.35
661.30
661.54
661.81
661.34
661.82
661.04
661.79
661.77
661.01
661.37
661.32
661.38
661.31
661.33
661.36
661.72
661.39
661.84
661.85
662.35
662.97
662.81
662.62
662.31
662.33
662.34
662.85
662.80
662.86
662.32
662.83
662.39
662.89
662.37
662.73
662.43
662.69
662.82
662.65
662.45
663.81
663.84
663.35
663.30
663.32
663.38
663.31
663.87
663.37
663.34
663.02
663.33
663.85
663.83
663.91
663.80
663.66
663.41
664.31
664.33
664.28
664.34
664.85
664.81
664.35
664.82
664.37
664.86
664.32
664.87
664.30
664.06
664.40
664.38
664.08
664.42
664.41
664.91
665.31
665.81
665.35
665.85
665.28
665.83
665.87
665.30
665.36
665.67
665.38
665.32
665.66
665.33
665.88
665.63
665.82
665.39
665.40
665.37
665.42
665.92
666.81
666.33
666.35
666.34
666.31
666.32
666.29
666.36
666.83
666.30
666.37
666.84
666.85
666.82
666.38
666.91
666.15
666.40
667.18
667.80
667.79
667.81
667.33
667.88
667.35
667.03
667.36
667.31
667.37
667.34
667.86
667.83
667.38
667.85
667.40
667.74
667.92
668.83
668.79
668.67
668.31
668.34
668.27
668.33
668.01
668.84
668.80
668.86
668.88
668.02
668.81
668.38
668.43
668.36
668.74
668.42
668.17
668.91
668.85
669.57
669.97
669.31
669.81
669.28
669.32
669.83
669.36
669.34
669.39
669.33
669.89
669.35
669.85
669.67
669.87
669.77
669.37
669.05
669.01
669.03
669.76
669.42
669.46
669.17
669.18
670.30
670.61
670.83
670.65
670.81
670.34
670.38
670.31
670.35
670.42
670.89
670.41
670.86
670.85
670.40
670.91
670.36
671.52
671.97
671.31
671.84
671.36
671.87
671.88
671.34
671.40
671.86
671.91
671.85
671.35
671.04
671.37
672.32
672.36
672.62
672.31
672.80
672.65
672.86
672.37
672.40
672.39
672.69
673.00
672.82
672.88
672.34
672.04
672.38
672.87
672.68
672.43
672.42
673.82
673.66
673.35
673.62
673.83
673.38
673.09
673.36
673.32
673.37
673.39
673.71
673.86
673.34
673.88
673.85
673.43
673.41
673.08
674.30
674.32
674.80
674.89
674.31
674.33
674.34
674.38
674.37
674.88
674.85
674.35
674.66
674.84
674.29
674.39
674.86
674.36
674.92
675.83
675.32
675.28
675.35
675.34
675.70
675.66
675.33
675.85
675.37
675.59
675.86
675.38
675.67
675.42
676.81
676.29
676.27
676.35
676.82
676.87
676.00
676.37
676.36
676.88
676.84
676.86
676.40
676.34
676.83
676.71
676.85
677.59
677.82
677.80
677.30
677.81
677.31
677.35
677.36
677.28
677.79
677.72
677.39
677.85
677.05
677.04
677.44
678.37
678.83
678.33
678.88
678.31
678.35
678.76
678.38
678.89
678.90
678.69
678.06
678.81
678.39
678.80
678.32
678.92
678.75
679.79
679.83
679.35
679.33
679.34
679.86
679.37
679.11
679.87
679.31
679.32
679.84
679.03
679.39
679.41
679.92
679.88
679.38
680.36
680.33
680.37
680.83
680.35
680.80
680.82
680.79
680.86
680.32
680.90
680.38
680.06
680.34
680.03
680.69
680.87
681.35
681.33
681.79
681.31
681.84
681.36
681.85
681.83
681.37
681.38
681.34
681.69
681.68
681.04
681.89
681.41
681.42
681.40
682.31
682.83
682.38
682.34
682.30
682.96
682.84
682.86
682.37
682.87
682.36
682.32
682.70
682.08
682.40
682.43
682.56
683.86
683.83
683.29
683.38
683.41
683.87
683.14
683.84
683.35
683.85
683.68
683.91
683.36
683.71
683.34
683.37
683.32
683.21
684.34
684.35
684.83
684.80
684.70
684.39
684.33
684.81
684.38
684.84
684.90
684.77
684.42
685.07
685.32
685.86
685.35
685.37
685.84
685.34
685.77
685.33
685.36
685.82
685.31
685.85
685.38
685.43
685.88
685.29
685.41
685.83
685.92
686.84
686.83
686.81
686.32
686.86
686.85
686.33
686.36
686.37
686.34
686.40
686.73
686.35
686.31
686.38
686.39
686.92
687.86
687.34
687.32
687.87
687.33
687.72
687.40
687.35
687.37
687.84
687.80
687.38
687.41
687.43
687.85
687.75
688.33
688.35
688.29
688.86
688.31
688.36
688.32
688.34
688.82
688.39
688.04
688.37
688.84
688.87
688.89
688.41
688.85
688.81
688.38
688.09
688.92
688.03
689.81
689.64
689.35
689.00
689.38
689.33
689.31
689.36
689.37
689.92
689.39
689.41
689.87
689.93
689.68
689.42
690.28
690.60
690.33
690.85
690.82
690.37
690.32
690.36
690.88
690.38
690.83
690.35
690.34
690.84
690.91
690.61
690.39
690.31
690.86
690.87
690.92
690.50
690.02
691.37
691.98
691.85
691.35
691.33
691.29
691.36
691.40
691.41
691.38
691.83
691.87
691.06
691.45
691.47
692.32
692.30
692.98
692.37
692.34
692.80
692.81
692.36
692.35
692.29
692.33
692.90
692.89
692.40
692.92
692.42
692.83
692.43
692.02
693.86
693.87
693.84
693.36
693.31
693.81
693.34
693.05
693.35
693.41
693.39
693.38
693.90
693.67
693.92
693.40
693.89
693.33
693.76
693.17
693.94
693.02
694.95
694.84
694.82
694.81
694.31
694.39
694.88
694.34
694.66
694.36
694.41
694.85
694.40
694.89
695.97
695.80
695.31
695.82
695.83
695.36
695.32
695.88
695.86
695.63
695.84
695.90
695.41
696.36
696.33
696.82
696.37
696.85
696.30
696.34
696.44
696.87
696.05
696.40
696.43
696.42
697.30
697.85
697.35
697.79
697.80
697.90
697.33
697.32
697.34
697.39
697.88
697.36
697.91
697.38
697.09
698.34
698.79
698.81
698.31
698.38
698.37
698.32
698.86
698.39
698.35
698.84
698.41
698.42
698.67
698.33
698.36
698.91
698.43
698.48
699.27
699.37
699.40
699.01
699.84
699.39
699.03
699.81
699.44
699.38
699.43
699.30
699.88
699.41
699.11
699.93
699.45
700.78
700.32
700.80
700.66
700.34
700.35
700.82
700.33
700.39
700.83
700.38
700.87
700.93
700.41
701.31
701.35
701.36
701.03
701.38
701.37
701.39
701.34
701.41
701.43
701.88
701.19
701.44
702.33
702.82
702.37
702.36
702.39
702.84
702.41
702.40
702.01
702.87
702.86
702.38
702.83
702.34
702.95
702.76
702.43
703.01
704.00
703.33
703.36
703.31
703.85
703.34
703.37
703.35
703.04
703.38
703.86
703.39
703.80
703.40
703.41
703.42
703.84
703.07
703.68
703.54
704.82
704.85
704.84
704.34
704.28
704.35
704.33
704.40
704.37
704.32
704.36
704.86
704.31
704.38
704.41
704.92
704.89
704.94
704.88
704.48
704.44
705.78
705.33
705.81
705.34
705.38
705.36
705.37
705.35
705.83
705.40
705.67
705.82
705.86
705.88
705.44
705.55
705.22
706.31
706.32
706.83
706.33
706.34
706.30
706.38
706.36
706.37
706.78
706.90
706.70
706.88
706.41
706.39
706.35
706.91
706.85
706.92
706.04
706.82
706.87
706.44
706.48
707.33
707.83
707.30
707.75
707.34
707.39
707.35
707.86
707.36
707.85
707.89
707.37
707.38
707.40
707.88
707.41
707.91
707.09
707.03
707.69
708.36
708.83
708.82
708.33
708.85
708.35
708.89
708.39
708.86
708.40
708.92
708.69
708.38
708.90
708.37
708.42
708.79
708.04
708.44
708.49
709.35
709.33
709.82
709.29
709.34
709.85
709.02
709.32
709.89
709.03
709.37
709.38
709.43
709.06
709.40
709.45
709.39
709.88
709.42
709.44
710.40
710.35
710.37
710.34
710.86
710.44
710.87
710.39
710.04
710.38
710.89
710.41
710.90
710.36
710.18
710.93
711.65
711.85
711.37
711.38
711.80
711.35
711.32
711.36
711.06
711.40
711.86
711.08
711.34
711.84
711.07
711.91
711.30
711.77
711.69
711.94
712.82
712.84
712.29
712.28
712.31
712.37
712.85
712.91
712.33
712.69
712.88
712.83
712.43
712.41
712.39
712.45
712.89
713.00
713.81
713.86
713.82
713.39
713.88
713.89
713.35
713.90
713.33
713.36
713.40
713.01
713.78
713.34
713.91
713.44
713.48
714.32
714.83
714.34
714.87
714.37
714.91
714.29
714.35
714.40
714.84
714.43
714.89
714.93
715.86
715.36
715.85
715.33
715.84
715.40
715.37
715.75
715.42
715.41
716.34
716.85
716.33
716.35
716.36
716.89
716.38
716.39
716.84
716.92
716.37
716.40
716.08
716.20
717.34
717.38
717.86
717.37
717.42
717.35
717.36
717.90
717.39
717.89
717.93
717.40
717.11
717.45
718.27
718.82
718.37
718.32
718.36
718.39
718.04
718.34
718.86
718.42
718.38
718.41
718.84
718.89
718.65
718.69
718.44
719.33
719.90
719.41
719.39
719.85
719.37
719.42
719.31
719.36
719.94
719.44
719.34
719.43
719.35
719.40
719.83
719.84
720.82
720.37
720.33
720.34
720.30
720.38
720.40
720.36
720.84
720.80
720.43
720.89
720.51
721.82
721.27
721.32
721.86
721.36
721.29
721.39
721.92
721.33
721.35
721.38
721.73
721.37
721.34
721.69
721.89
722.32
722.28
722.34
722.84
722.00
722.39
722.41
722.36
722.06
722.05
722.44
722.95
723.83
723.35
723.85
723.01
723.81
723.33
723.37
723.32
723.36
723.88
723.39
723.77
723.74
723.38
723.91
723.44
723.06
723.40
723.87
724.33
724.58
724.32
724.99
724.31
724.87
724.84
724.83
724.37
724.35
724.39
724.69
724.85
724.90
724.42
724.95
725.35
725.32
725.86
725.81
725.69
725.31
725.68
725.34
725.49
725.75
725.87
725.88
725.08
725.83
725.37
725.39
725.42
725.33
725.44
725.85
726.83
726.38
726.37
726.36
726.39
726.32
726.31
726.85
726.34
726.86
726.33
726.88
726.87
726.78
726.04
726.40
726.69
726.89
726.44
726.09
726.96
726.74
726.46
727.29
727.65
727.31
727.40
727.33
727.84
727.72
727.39
727.37
727.36
727.90
727.87
727.04
727.45
727.63
727.21
728.36
728.39
728.33
728.35
728.34
728.86
728.41
728.91
728.37
728.40
728.46
728.94
728.43
728.45
728.20
729.34
729.33
729.85
729.86
729.42
729.08
729.09
729.37
729.35
729.32
729.43
729.39
729.87
729.45
729.88
729.89
729.93
729.40
729.70
730.33
730.67
730.83
730.86
730.09
730.40
730.37
730.90
730.82
730.69
730.42
730.36
730.43
730.38
731.33
731.81
732.00
731.35
731.36
731.37
731.34
731.39
731.90
731.40
731.41
731.87
731.44
731.46
731.96
731.78
731.45
731.93
732.31
732.37
732.40
732.34
732.38
732.91
732.32
732.36
732.39
732.42
732.43
732.63
732.88
732.73
732.47
732.87
732.89
732.35
732.45
733.37
733.38
733.91
733.87
733.33
733.86
733.40
733.32
733.36
733.34
733.72
733.42
733.07
733.43
733.85
733.92
733.96
734.85
734.32
734.87
734.35
734.36
734.86
734.33
734.34
734.38
734.37
734.91
734.83
734.41
734.42
734.39
734.21
735.83
735.40
735.84
735.88
735.37
735.38
735.36
735.41
735.09
735.08
735.87
735.35
735.39
735.90
735.92
735.50
736.37
736.31
736.36
736.35
736.88
736.32
736.39
736.41
736.83
736.42
736.89
736.08
736.95
736.94
736.38
736.45
736.44
736.90
736.40
737.33
737.35
737.84
737.36
737.90
737.32
737.37
737.38
737.03
737.41
737.34
738.00
737.42
737.45
738.84
738.33
738.86
738.34
738.30
738.85
738.40
738.38
738.92
738.75
738.35
738.45
738.44
738.93
738.88
738.21
739.34
739.32
739.35
739.36
739.91
739.88
739.39
740.87
740.30
740.33
740.38
740.86
740.37
740.46
740.88
740.44
741.38
741.30
741.61
741.85
741.86
741.34
741.06
741.69
741.90
741.36
741.94
741.88
741.39
741.40
741.20
742.31
742.87
742.35
742.37
742.41
742.39
742.91
742.62
742.38
742.93
742.46
742.54
742.20
743.38
743.85
743.63
743.34
743.03
743.39
743.35
743.43
743.33
743.40
743.87
743.41
743.93
743.11
743.47
744.37
744.30
744.38
744.34
744.85
744.36
744.41
744.06
744.39
744.40
744.90
744.96
744.65
744.94
744.72
744.44
744.19
745.34
745.83
745.85
745.35
745.37
745.88
745.40
745.41
745.42
745.86
745.31
745.39
745.92
745.72
745.73
745.36
745.38
745.46
746.33
746.84
746.41
746.89
746.40
746.81
746.38
746.17
746.85
746.34
746.42
746.44
746.86
746.47
746.90
746.37
746.94
746.46
746.93
746.43
746.53
747.85
747.66
747.37
747.36
747.89
747.94
747.40
747.44
747.86
747.43
747.38
747.96
747.71
748.36
748.33
748.37
748.85
748.87
748.39
748.35
748.38
748.88
748.69
748.74
748.41
748.44
748.42
748.86
748.09
748.45
748.94
748.47
749.37
749.35
749.82
749.31
749.34
749.04
749.38
749.39
749.13
749.66
749.36
749.86
749.93
749.92
749.87
749.70
749.22
750.37
750.85
750.83
750.17
750.89
750.40
750.91
750.45
750.43
750.41
750.36
750.87
750.38
750.46
750.78
751.97
751.34
751.36
751.04
751.88
751.37
751.40
751.85
751.89
751.90
751.84
751.95
751.41
751.74
751.93
751.71
752.35
752.39
752.43
752.34
752.86
752.33
752.38
752.08
752.05
752.37
752.40
752.90
752.87
753.32
753.09
753.34
753.91
753.42
753.36
753.86
753.06
753.37
753.39
753.45
753.47
753.97
753.38
753.88
754.88
754.35
754.36
754.37
754.83
754.87
754.32
754.40
754.38
754.34
754.89
754.43
754.39
754.42
754.21
755.32
755.83
755.34
755.36
755.42
755.02
755.88
755.90
755.72
755.39
755.35
755.44
755.37
755.06
755.92
755.84
755.97
755.93
756.98
756.37
756.31
756.38
756.42
756.39
756.41
756.87
756.35
756.40
756.94
756.93
756.79
757.37
757.33
757.82
757.41
757.38
757.93
757.44
757.35
757.39
757.92
757.81
757.51
758.37
758.38
758.40
758.39
758.84
758.44
758.33
758.70
758.88
758.83
758.92
758.41
758.34
758.86
758.07
758.46
758.42
758.22
758.45
759.85
759.39
759.42
759.38
759.43
759.37
759.34
759.91
759.41
760.35
760.32
760.89
760.42
760.38
760.43
760.40
760.39
760.34
760.41
760.37
760.94
760.91
760.22
761.33
761.81
761.88
761.37
761.41
761.38
761.04
761.87
761.58
761.36
761.91
761.51
762.40
762.39
762.32
762.89
762.35
762.41
762.86
762.93
762.38
762.37
762.90
762.74
762.92
762.05
762.44
762.76
762.91
762.42
762.95
763.36
763.29
763.35
763.81
763.31
763.40
763.83
763.42
763.89
763.44
763.39
763.47
763.86
763.22
763.11
764.89
764.37
764.35
764.83
764.39
764.40
764.38
764.65
764.44
764.42
764.43
764.20
764.06
764.88
764.92
764.54
765.83
765.87
765.38
765.36
765.89
765.92
765.41
765.91
765.43
765.39
765.42
765.95
765.45
765.40
766.34
766.37
766.36
766.33
766.87
766.38
766.92
766.39
766.40
766.94
766.86
766.05
766.67
767.34
767.83
767.36
767.44
767.43
767.91
767.88
767.47
767.38
767.42
767.11
767.45
767.94
767.46
767.39
768.35
768.59
768.33
768.34
768.88
768.38
768.86
768.39
768.36
768.45
768.73
768.98
768.00
768.85
768.37
768.40
768.92
769.38
769.85
769.87
769.42
769.88
769.37
769.72
769.43
769.62
769.36
769.10
769.92
769.35
769.89
769.47
770.84
770.87
770.34
770.39
770.40
770.44
770.35
770.88
770.41
770.90
770.85
770.45
770.77
770.81
770.91
771.35
771.39
771.40
771.89
771.42
771.43
771.84
771.36
771.19
771.46
771.94
771.44
771.93
771.41
771.96
771.23
772.34
772.38
772.79
772.32
772.37
772.35
772.45
772.41
772.40
772.39
772.88
773.40
773.42
773.81
773.44
773.89
773.86
773.38
773.85
773.41
773.94
773.31
774.36
774.40
774.41
774.71
774.45
774.95
774.44
775.10
775.35
775.80
775.37
775.92
775.38
775.67
775.04
775.45
775.42
775.95
775.40
775.39
775.47
775.46
776.69
776.89
776.68
776.71
776.36
776.84
776.35
776.39
776.41
776.40
776.42
776.44
776.78
776.46
777.37
777.40
777.36
777.34
777.38
777.44
777.42
777.91
777.39
777.68
777.98
778.78
778.40
778.43
778.88
778.37
778.75
778.38
778.41
778.36
778.39
778.90
778.46
778.70
778.84
778.09
778.95
779.82
779.37
779.84
779.39
779.40
779.80
779.90
779.86
779.79
779.46
779.89
779.43
779.09
779.08
779.41
779.42
779.23
779.56
780.83
780.34
780.35
780.69
780.43
780.38
780.61
780.40
780.86
780.42
780.90
780.37
780.39
780.92
780.87
780.44
780.95
780.36
780.97
780.46
780.47
780.57
780.55
781.33
781.87
781.90
781.34
781.37
781.39
781.36
781.93
781.07
781.91
781.43
781.42
782.61
782.41
782.37
782.40
782.36
782.88
782.43
782.42
782.06
782.08
782.91
782.94
782.39
782.89
783.28
783.83
783.91
783.32
783.38
783.39
783.42
783.46
783.96
783.95
783.36
783.76
783.90
783.43
784.34
784.86
784.04
784.88
784.42
784.83
784.33
784.40
784.35
784.90
784.75
784.45
784.39
784.36
784.89
784.44
784.49
785.84
785.34
785.85
785.37
785.02
785.39
785.36
785.93
785.92
786.83
786.40
786.34
786.44
786.67
786.42
786.43
786.39
786.92
786.45
786.84
786.89
786.38
786.35
787.35
787.34
787.37
787.43
787.42
787.91
787.90
787.92
788.90
788.38
788.41
788.72
788.89
788.43
788.92
788.08
788.42
788.99
788.95
789.83
789.35
789.33
789.85
789.40
789.84
789.37
789.06
789.92
789.38
789.45
789.43
789.46
790.40
790.86
790.39
790.38
790.85
790.37
790.44
790.94
790.97
790.93
790.84
790.48
791.43
791.04
791.86
791.38
791.36
791.42
791.39
791.37
791.91
791.95
791.73
791.44
791.41
791.94
791.84
792.67
792.37
792.35
792.41
792.39
792.38
792.89
792.42
792.16
792.43
792.94
792.65
792.97
792.90
792.47
792.49
793.38
793.37
793.88
793.41
793.91
793.90
793.73
793.93
793.45
793.92
793.42
793.08
794.84
794.89
794.85
794.36
794.39
794.91
794.90
794.38
794.41
794.43
794.97
794.42
794.92
794.93
794.44
794.45
795.84
795.66
795.39
795.88
795.35
795.42
795.40
795.45
795.43
795.69
795.46
795.41
795.97
796.89
796.41
796.37
796.40
796.86
796.39
796.90
796.42
796.91
796.47
796.45
797.38
797.68
797.87
797.34
797.41
797.43
797.90
797.42
797.50
797.96
797.40
797.47
798.87
798.38
798.39
798.95
798.88
798.90
798.37
798.41
798.40
798.96
798.71
798.43
798.45
799.40
799.91
799.41
799.42
799.96
799.21
799.39
799.90
799.97
799.74
799.73
799.92
800.00
800.33
800.35
800.42
800.88
800.41
800.37
800.44
800.95
800.39
800.89
800.14
800.46
800.43
800.40
800.12
800.94
801.36
801.34
801.40
801.44
801.43
801.42
801.37
801.90
801.39
801.91
802.34
802.39
802.95
802.43
802.90
802.72
802.97
802.47
802.46
802.96
802.49
802.48
803.36
803.38
803.37
803.92
803.40
803.41
803.42
803.43
803.44
803.22
803.96
803.23
804.43
804.40
804.89
804.75
804.44
804.95
804.39
804.47
804.41
804.93
804.57
805.35
805.39
805.32
805.42
805.38
805.45
805.43
805.89
805.91
805.40
805.37
805.44
805.93
806.42
806.84
806.40
806.41
806.87
806.09
806.46
806.01
806.44
806.94
806.39
806.45
806.30
807.40
807.87
807.06
807.34
807.39
807.95
807.96
807.43
807.45
807.76
807.41
807.91
807.44
808.99
808.35
808.38
808.39
808.85
808.37
808.44
808.91
808.40
808.75
808.42
808.43
808.46
808.93
808.94
809.38
809.41
809.37
809.40
809.88
809.45
809.90
809.92
809.87
809.22
809.95
810.32
810.36
810.37
810.39
810.44
810.89
810.94
810.91
810.41
810.92
810.40
811.67
811.85
811.38
811.39
811.92
811.47
811.37
811.40
811.42
811.45
811.46
811.49
812.34
812.37
812.41
812.39
812.69
812.87
812.94
812.06
812.95
812.43
812.92
812.98
812.75
812.68
813.04
813.84
813.43
813.88
813.41
813.93
813.38
813.44
813.90
813.10
813.95
813.94
813.92
814.44
814.42
814.47
814.77
814.94
814.41
814.43
814.48
814.49
814.66
815.40
815.84
815.41
815.42
815.38
815.83
815.43
815.91
815.45
815.93
815.97
816.38
816.41
816.42
816.44
816.45
816.19
816.96
817.39
817.94
817.44
817.38
817.40
817.45
817.89
817.05
817.47
817.41
817.72
817.97
817.43
817.84
817.87
817.96
818.88
818.62
818.41
818.42
818.40
818.39
818.44
818.93
818.50
818.91
819.90
819.36
819.89
819.97
819.40
819.43
819.41
819.42
819.80
819.87
819.92
819.51
819.78
819.45
820.41
820.90
820.39
820.38
820.95
820.89
820.92
820.49
820.45
820.46
820.47
820.44
821.39
821.37
821.40
821.44
821.43
821.80
821.85
821.49
821.95
821.91
822.37
822.41
822.36
822.40
822.91
822.39
822.42
822.97
822.71
822.95
823.00
822.58
823.42
823.49
823.44
823.43
823.95
823.80
824.38
824.37
824.41
824.40
824.91
824.97
824.44
824.92
824.39
824.47
824.46
824.42
824.95
824.94
824.50
824.48
825.00
825.86
825.90
825.87
825.40
825.37
825.43
825.42
825.45
825.85
825.91
825.44
826.40
826.17
826.97
826.47
826.43
826.10
826.44
827.85
827.90
827.43
827.91
827.38
827.94
827.41
827.08
827.95
827.47
828.86
828.35
828.45
828.49
828.48
828.44
828.46
828.97
828.90
828.95
828.41
828.91
828.40
828.52
828.51
829.92
829.38
829.89
829.47
829.39
829.44
829.43
829.48
829.41
829.14
830.92
830.08
830.42
830.02
830.40
830.78
830.48
831.41
831.39
831.88
831.45
831.49
831.40
831.91
831.93
831.47
831.44
831.94
831.90
831.76
831.98
832.39
832.36
832.40
832.41
832.38
832.43
832.48
832.42
832.94
832.45
832.91
833.71
833.90
833.41
833.39
833.44
833.43
833.17
833.09
833.40
833.51
833.49
834.88
834.71
834.39
834.87
834.36
834.44
834.93
834.96
834.92
834.97
834.48
835.36
835.82
835.40
835.07
835.42
835.90
835.91
835.39
835.46
835.41
835.93
835.44
836.42
836.36
836.37
836.73
836.38
836.92
836.41
836.39
836.74
836.40
836.98
836.90
836.43
836.94
836.89
836.97
836.91
836.95
836.49
836.44
837.87
837.79
837.41
837.38
837.93
837.31
837.40
837.44
837.94
837.98
837.95
837.45
837.97
837.43
838.40
838.83
838.38
838.41
838.39
838.43
838.88
838.44
838.42
838.77
838.47
838.37
839.02
839.38
839.37
839.97
839.40
839.35
839.42
839.46
840.89
840.88
840.42
840.39
840.41
840.92
840.48
840.46
840.49
841.84
841.34
841.93
841.41
841.90
841.24
841.88
842.44
842.43
842.46
842.88
842.68
842.12
842.03
843.91
843.45
843.46
843.06
844.41
844.40
844.39
844.43
844.93
844.73
844.94
844.95
844.44
844.50
844.49
844.46
844.70
845.39
845.46
845.91
845.43
845.92
845.42
845.89
845.94
845.90
845.85
846.38
846.42
846.47
846.40
846.95
846.43
846.45
846.86
846.94
846.51
847.88
847.44
847.40
847.45
847.43
847.38
847.46
847.42
847.13
847.39
847.11
847.12
847.89
847.98
847.96
848.92
848.35
848.43
848.38
848.39
848.93
848.41
848.36
848.97
848.09
848.48
848.94
849.38
849.35
849.91
849.94
849.43
849.45
849.47
849.97
849.92
849.50
850.38
850.41
850.43
850.90
850.36
850.39
850.94
850.98
850.46
850.47
850.97
850.45
850.25
850.58
851.37
851.93
851.38
851.96
851.89
851.97
851.43
851.42
851.64
851.88
851.47
851.58
851.25
851.26
852.43
852.87
852.21
852.40
852.44
852.41
852.48
853.00
852.39
852.42
852.95
852.91
852.49
852.59
852.25
853.88
853.39
853.40
853.89
853.45
853.46
853.93
853.44
854.70
854.41
854.85
854.43
854.42
854.38
854.92
854.93
854.87
854.99
854.95
854.94
854.66
855.35
855.41
855.94
855.43
855.40
855.38
855.12
855.42
855.52
855.44
855.51
855.16
856.13
856.93
856.21
856.39
856.38
856.92
856.41
856.77
856.43
857.35
857.89
857.43
857.90
857.97
857.93
857.44
857.46
857.49
857.92
857.48
857.94
857.06
857.66
858.87
858.94
858.38
858.42
858.43
858.95
858.46
858.88
858.50
858.81
858.52
858.16
858.66
859.89
859.88
859.90
859.42
859.92
859.12
859.43
859.41
859.97
859.48
859.02
859.46
859.94
859.95
859.44
860.85
860.44
860.38
860.87
860.40
860.45
860.46
860.43
860.41
860.35
860.49
861.33
861.96
861.45
861.86
861.77
861.41
861.90
861.44
861.43
861.95
861.47
862.86
862.35
862.90
862.11
862.42
862.39
862.10
862.96
862.49
862.53
863.38
863.42
863.97
863.43
863.41
863.50
863.95
863.44
863.54
863.48
863.98
864.90
864.95
864.92
864.44
864.46
864.45
864.76
864.97
865.35
865.87
865.91
865.42
865.92
865.43
865.45
865.97
865.95
865.49
865.47
865.44
865.48
866.30
866.44
866.43
866.39
866.95
866.47
866.42
866.90
866.45
866.93
867.96
867.90
867.37
867.43
867.42
867.20
867.98
867.44
867.95
867.46
867.50
868.90
868.41
868.40
868.38
868.44
868.89
868.42
868.48
868.62
868.45
868.36
868.04
869.00
868.91
868.52
869.89
869.43
869.94
869.42
869.41
869.46
869.48
869.99
869.49
869.44
870.87
870.92
870.90
870.45
870.43
870.94
871.93
871.92
871.45
871.50
871.96
871.48
871.82
872.92
872.43
872.45
872.14
872.90
872.44
872.94
872.42
872.47
872.46
872.93
872.49
872.48
872.40
872.50
872.98
872.51
873.82
873.43
873.45
873.39
873.46
873.44
873.49
873.97
874.38
874.42
874.91
874.44
874.45
874.47
874.51
875.88
875.39
875.43
875.99
875.12
875.45
875.41
875.89
875.44
875.94
875.55
875.01
876.42
876.46
876.49
876.44
876.38
876.40
876.05
877.89
877.91
877.45
877.43
877.44
877.94
877.47
877.99
878.44
878.89
878.46
878.94
878.47
878.42
878.90
878.49
878.61
879.95
879.44
879.98
879.45
879.42
879.51
879.48
879.96
879.97
879.43
879.46
879.50
880.94
880.43
880.45
880.46
880.39
881.00
880.48
880.88
880.97
881.36
881.43
881.48
881.89
881.09
881.45
881.44
881.46
881.82
881.98
881.49
881.93
882.70
882.42
882.43
882.47
882.41
882.01
882.44
882.97
882.39
882.46
883.86
883.93
883.49
883.47
883.88
883.99
883.45
883.96
884.40
884.38
884.87
884.37
884.95
884.45
884.94
884.49
884.44
884.98
885.42
885.73
885.86
885.39
885.97
885.47
885.44
885.95
886.94
886.42
886.90
886.43
886.88
886.89
886.45
886.05
886.80
887.44
887.38
887.48
887.49
887.45
887.94
887.47
888.96
888.43
888.44
888.45
888.48
889.38
889.48
889.33
889.47
889.90
890.47
890.45
890.46
890.40
891.44
891.15
891.89
891.42
891.97
891.43
892.00
891.02
892.48
892.96
892.46
892.43
892.98
892.47
892.52
893.42
893.43
893.46
893.41
893.75
893.92
893.00
893.88
894.94
894.40
894.43
894.46
894.44
894.95
894.98
894.48
894.96
894.51
894.01
894.74
894.38
895.42
895.07
895.41
895.44
895.43
895.95
895.46
895.50
895.13
895.48
896.89
896.40
896.44
896.95
896.96
896.01
897.75
897.37
897.41
897.12
897.40
897.90
897.47
897.08
897.48
898.95
898.53
898.40
898.46
898.35
898.39
898.47
898.86
898.36
898.45
898.41
898.50
899.92
899.94
899.43
899.45
899.46
899.42
899.47
899.54
899.55
900.47
900.93
900.79
900.45
900.44
900.94
900.97
900.01
901.96
901.46
901.44
901.47
901.43
901.50
901.84
901.97
902.85
902.40
902.44
902.42
902.50
902.95
902.46
902.41
902.51
902.96
903.46
903.89
903.45
903.44
903.74
903.47
903.52
904.50
904.47
904.49
904.91
904.01
904.73
904.45
904.42
904.46
905.37
905.42
905.14
905.44
905.40
905.46
905.45
906.47
906.45
906.97
906.92
906.42
906.50
906.00
906.88
906.49
906.95
907.41
907.43
907.44
907.01
907.99
907.95
907.18
907.51
907.91
907.49
908.87
908.40
908.95
908.47
908.46
908.96
908.42
909.47
910.00
909.43
909.49
909.52
910.93
910.42
910.79
910.51
910.41
910.43
910.92
910.53
910.44
910.97
910.60
911.94
911.42
911.13
911.47
911.40
911.83
911.01
911.02
912.93
912.43
912.96
912.45
913.00
912.41
912.95
912.47
913.09
913.47
913.43
913.97
913.96
913.49
913.50
913.46
913.42
913.41
914.46
914.38
914.44
914.49
914.93
914.95
914.48
914.94
914.47
914.50
914.04
914.32
915.37
915.95
915.48
915.47
915.52
915.44
915.46
916.90
916.45
916.50
916.46
916.41
916.92
916.86
916.43
916.02
916.51
916.99
917.39
917.40
917.74
917.77
917.05
917.46
917.99
917.54
918.91
918.44
918.96
918.40
918.51
918.46
918.41
918.49
918.45
919.45
919.52
919.46
919.48
919.47
919.96
919.97
920.44
920.48
920.47
920.45
920.42
920.51
920.50
920.98
920.02
921.41
921.47
921.51
921.46
921.42
922.39
922.43
922.45
922.46
922.40
922.47
922.49
922.48
922.99
922.54
923.46
923.93
923.47
923.43
924.00
923.50
923.01
924.45
924.49
924.25
924.99
924.48
925.00
924.52
924.27
925.68
925.44
925.47
925.97
925.01
925.92
925.13
925.43
925.94
925.42
925.41
926.99
926.93
926.48
927.43
927.03
927.47
927.93
927.49
927.98
928.91
928.45
928.88
928.53
928.00
928.51
928.48
929.71
929.45
929.46
929.47
929.53
929.51
929.10
930.49
930.46
930.47
930.44
930.96
930.92
930.57
931.42
931.89
931.94
931.44
931.47
931.19
931.49
931.48
931.50
931.53
931.46
932.40
932.44
932.96
932.45
932.49
932.46
932.43
932.51
932.93
932.00
933.47
933.50
933.92
933.80
933.93
933.49
934.95
934.87
934.45
934.47
934.46
934.53
934.49
934.41
935.44
935.39
935.92
935.94
935.43
935.47
935.19
935.51
936.47
936.46
936.95
936.90
936.48
936.19
936.97
936.50
936.54
936.02
937.39
937.48
937.52
937.81
937.49
937.99
937.46
937.47
938.47
938.45
938.37
938.95
938.46
938.48
938.53
938.42
938.04
939.48
939.99
939.43
939.54
939.42
939.46
939.47
939.94
940.50
940.47
940.99
940.53
940.96
940.52
940.44
940.51
941.52
941.45
942.46
942.00
942.49
944.00
943.08
943.47
943.40
943.45
943.18
943.51
943.57
944.43
944.48
944.46
944.01
944.51
944.99
945.96
945.48
945.06
945.54
945.93
945.42
945.43
945.45
946.47
946.46
946.27
946.44
946.43
946.22
946.89
947.43
947.95
947.97
947.42
947.44
948.47
948.99
948.48
948.18
948.43
948.50
948.53
950.00
949.46
949.37
949.02
949.52
949.40
950.45
950.93
950.52
950.44
950.43
950.49
950.02
951.41
951.45
951.46
951.01
951.52
951.49
951.51
951.02
952.45
952.42
952.46
952.95
952.50
952.75
953.46
953.76
953.41
953.02
953.43
953.50
954.42
954.45
955.00
954.98
954.15
955.95
955.49
955.48
955.53
955.51
956.43
956.99
956.07
956.82
956.49
956.02
956.44
957.49
957.46
957.53
957.92
957.97
957.03
957.47
957.04
957.94
957.55
958.00
958.80
958.55
958.98
958.53
959.43
959.44
959.52
959.54
959.20
959.46
959.02
959.55
959.53
960.48
960.49
960.46
960.50
960.51
960.99
960.29
961.91
961.97
961.52
961.46
961.48
961.51
961.03
961.96
961.49
961.47
961.05
962.15
962.43
962.98
962.46
962.51
962.50
962.94
963.98
963.44
963.03
963.49
963.48
963.50
963.78
964.76
964.49
964.51
965.94
965.45
965.17
965.44
965.48
965.97
966.49
966.05
966.48
966.43
966.04
967.45
967.38
967.94
967.58
967.25
968.45
969.00
968.53
968.48
968.58
968.59
969.46
969.04
969.99
969.06
969.48
969.45
969.57
970.91
970.45
970.49
970.99
970.04
970.51
971.93
971.50
971.42
971.49
972.99
972.51
972.94
972.11
972.43
972.55
972.54
972.48
972.01
973.51
973.95
973.03
973.79
974.93
974.44
974.49
974.50
974.51
974.55
975.75
975.44
975.49
975.00
975.45
975.48
975.55
975.95
975.50
975.52
975.53
975.98
976.94
976.44
976.49
976.04
976.54
976.48
976.53
977.54
977.45
977.04
977.05
977.99
977.51
977.42
978.92
978.45
978.04
978.48
978.94
978.43
978.14
978.50
979.00
979.96
979.49
979.46
979.98
979.54
979.55
980.94
980.05
980.56
980.51
980.98
980.47
981.05
981.44
981.49
981.06
981.50
981.46
982.98
982.99
982.96
982.52
983.97
983.02
983.46
983.50
983.54
983.94
983.47
984.47
984.54
984.19
984.02
984.53
985.91
985.94
985.54
985.42
985.92
985.45
985.50
985.75
986.17
986.83
986.49
986.44
986.50
986.98
986.51
986.56
986.46
987.01
987.50
987.57
987.49
987.82
988.53
988.52
988.03
988.50
989.39
989.51
989.47
989.53
990.35
990.98
990.52
990.48
990.49
991.05
991.94
992.47
992.51
992.58
992.49
992.50
992.27
993.42
993.39
993.55
993.95
994.97
994.99
994.46
994.48
994.47
995.45
995.02
996.92
996.52
996.99
996.01
996.53
997.41
997.99
997.02
997.77
998.47
998.48
998.84
998.55
999.98
999.53
999.49
999.52
999.56
999.01
999.51
999.47
999.29
1000.00
1000.38
1000.48
1001.97
1001.52
1001.51
1001.95
1001.29
1002.53
1002.52
1002.51
1002.54
1003.97
1003.99
1003.79
1003.04
1004.44
1004.47
1004.49
1005.48
1005.45
1005.51
1005.56
1005.58
1006.94
1006.45
1006.52
1006.85
1006.06
1007.95
1007.49
1007.97
1007.53
1008.48
1008.04
1008.46
1008.49
1008.02
1008.98
1008.47
1008.06
1008.01
1008.44
1008.51
1008.64
1008.20
1009.44
1009.07
1009.03
1009.47
1009.05
1009.50
1010.01
1010.98
1010.57
1010.49
1010.50
1010.53
1011.99
1011.51
1011.46
1011.98
1011.56
1012.98
1012.05
1012.47
1012.46
1012.50
1012.23
1012.53
1012.20
1012.70
1013.99
1013.93
1013.50
1013.90
1014.54
1014.49
1014.77
1014.55
1015.57
1015.55
1015.05
1015.07
1016.08
1016.58
1016.02
1016.01
1016.55
1017.49
1017.54
1017.95
1018.78
1018.50
1018.59
1018.49
1018.56
1018.55
1019.11
1019.49
1019.52
1019.51
1019.01
1020.49
1020.08
1021.94
1021.01
1021.44
1021.51
1021.48
1021.50
1021.82
1022.44
1022.98
1022.02
1022.49
1023.01
1023.47
1023.52
1023.57
1023.54
1024.44
1024.48
1024.50
1024.29
1025.03
1025.98
1025.52
1026.44
1026.00
1026.54
1026.07
1026.26
1027.48
1027.91
1027.06
1027.05
1027.58
1027.97
1027.46
1028.42
1028.56
1029.46
1029.49
1029.59
1029.06
1029.02
1030.51
1030.58
1031.41
1031.07
1031.01
1031.52
1032.26
1032.98
1032.51
1032.52
1033.45
1033.49
1033.47
1033.99
1033.50
1033.15
1033.18
1034.42
1034.98
1034.57
1034.51
1035.97
1035.08
1035.02
1035.49
1036.44
1036.98
1036.49
1036.67
1037.47
1037.58
1037.99
1037.30
1037.05
1038.41
1039.02
1039.60
1039.40
1040.94
1040.47
1040.01
1040.93
1040.06
1040.48
1040.00
1040.90
1041.99
1041.49
1041.59
1041.57
1041.86
1042.00
1042.94
1042.43
1042.58
1043.98
1043.57
1044.45
1044.55
1044.96
1044.68
1044.40
1045.51
1045.80
1045.88
1045.90
1046.16
1046.99
1046.03
1046.48
1046.81
1047.46
1047.51
1048.57
1048.04
1048.51
1048.49
1049.48
1049.54
1050.52
1050.04
1050.93
1050.54
1050.09
1050.47
1050.07
1051.78
1051.05
1051.03
1051.55
1051.43
1052.53
1052.54
1052.55
1052.52
1053.94
1053.06
1053.02
1054.58
1055.03
1055.88
1056.04
1056.06
1057.99
1057.98
1057.45
1057.50
1057.86
1058.00
1057.56
1057.04
1058.43
1058.02
1058.53
1058.42
1058.56
1058.58
1059.54
1059.96
1060.43
1060.53
1060.04
1060.61
1061.00
1062.46
1062.42
1062.53
1062.10
1062.57
1062.07
1062.08
1063.49
1063.50
1063.18
1063.53
1063.58
1063.98
1063.07
1064.44
1064.62
1065.00
1065.61
1065.06
1065.27
1066.56
1066.08
1066.52
1066.10
1066.49
1068.04
1068.53
1069.38
1069.52
1069.99
1069.71
1069.04
1069.02
1070.58
1070.29
1070.05
1071.00
1071.57
1071.58
1072.47
1072.62
1073.12
1073.97
1074.84
1075.52
1075.12
1076.51
1077.06
1077.95
1077.55
1078.45
1078.96
1078.49
1079.46
1079.55
1079.50
1079.56
1079.62
1080.06
1080.32
1081.54
1081.07
1081.98
1083.56
1084.49
1085.54
1085.53
1086.47
1086.53
1086.45
1086.13
1086.62
1086.51
1086.57
1086.98
1087.04
1087.96
1088.01
1088.53
1088.54
1089.00
1089.81
1089.11
1090.50
1090.54
1090.01
1091.16
1091.45
1091.11
1091.97
1091.49
1091.88
1093.54
1094.13
1095.51
1095.50
1097.58
1097.52
1097.00
1099.58
1099.97
1099.62
1099.08
1100.80
1101.56
1101.55
1101.60
1102.54
1102.55
1103.44
1103.61
1104.93
1104.57
1105.98
1105.99
1106.92
1106.03
1106.56
1107.13
1107.61
1108.54
1108.05
1109.98
1110.50
1111.51
1111.04
1111.08
1111.82
1112.47
1112.04
1112.54
1114.94
1114.56
1114.60
1117.00
1116.86
1116.07
1116.54
1116.59
1117.09
1117.06
1118.47
1118.10
1119.00
1119.79
1120.46
1120.04
1121.97
1121.63
1122.54
1122.60
1122.55
1122.58
1122.53
1122.57
1122.09
1123.49
1123.51
1123.57
1123.59
1123.70
1124.17
1124.15
1126.06
1126.47
1126.63
1128.52
1129.49
1130.94
1132.97
1132.03
1132.57
1132.94
1134.99
1135.52
1135.06
1135.10
1136.02
1136.60
1136.08
1136.97
1137.51
1137.95
1138.51
1138.07
1140.57
1141.99
1141.94
1141.06
1141.27
1142.57
1142.07
1142.49
1144.01
1146.50
1146.09
1146.55
1147.05
1148.86
1148.09
1149.53
1149.08
1149.51
1150.16
1150.05
1151.03
1151.49
1151.54
1152.58
1152.57
1153.24
1157.52
1157.65
1159.12
1160.15
1161.55
1162.83
1164.12
1164.16
1164.66
1166.12
1166.62
1166.08
1167.51
1167.56
1167.08
1167.02
1167.67
1168.51
1168.59
1168.13
1169.95
1171.54
1172.59
1173.12
1175.98
1176.83
1183.98
1186.04
1187.01
1187.08
1188.04
1189.56
1190.09
1191.14
1194.04
1194.61
1196.07
1197.57
1198.52
1199.11
1203.19
1205.64
1207.12
1207.63
1208.18
1209.01
1211.51
1212.60
1213.09
1217.09
1218.06
1220.07
1225.67
1226.67
1227.67
1229.48
1231.64
1231.01
1232.20
1234.66
1239.55
1240.12
1244.02
1244.53
1247.10
1249.12
1251.56
1255.62
1257.64
1260.63
1261.62
1262.18
1264.02
1264.09
1267.07
1268.67
1270.18
1272.09
1272.19
1274.21
1274.05
1279.55
1279.65
1279.38
1284.58
1285.05
1287.63
1288.53
1294.01
1299.56
1301.69
1302.04
1309.20
1312.58
1314.90
1315.40
1316.31
1323.23
1323.55
1329.70
1339.62
1345.12
1350.17
1360.58
1369.11
1378.21
1379.93
1382.59
1385.21
1400.17
1406.18
1414.12
1420.59
1430.67
1463.62
1469.07
1484.74
1490.09
1493.06
1504.69
1690.14
