350.20
350.19
350.53
350.71
350.72
350.97
351.69
351.17
351.70
352.18
352.53
353.22
355.21
357.52
357.22
357.70
357.45
357.23
357.69
357.47
358.70
358.19
358.82
358.24
358.89
359.20
359.19
359.22
360.20
360.69
360.51
360.19
360.74
361.56
361.46
361.45
361.85
361.70
361.86
361.87
361.19
361.20
361.52
361.71
361.73
361.98
362.54
362.20
362.88
362.23
362.87
362.55
362.22
363.54
363.95
363.67
363.87
363.45
363.22
363.21
363.72
363.30
364.96
364.45
364.20
364.19
364.18
364.73
364.72
364.87
364.21
364.22
364.57
364.47
365.19
365.21
365.70
365.88
365.72
365.73
365.23
365.82
366.85
366.53
366.21
366.95
366.70
366.25
366.54
366.89
366.19
366.51
366.23
367.92
367.96
367.17
367.91
367.74
367.23
367.20
367.70
367.90
367.18
367.71
367.55
367.89
368.70
368.90
368.51
368.86
368.88
368.73
368.22
368.72
368.21
368.48
369.19
369.21
369.72
369.68
370.53
370.18
370.19
371.10
371.71
371.97
371.94
371.19
371.86
371.23
371.22
372.18
372.86
372.22
372.19
372.54
372.21
372.23
373.22
373.21
373.92
373.97
373.71
373.25
373.70
373.57
373.74
374.19
374.20
374.55
374.74
374.21
374.22
374.71
374.24
375.91
375.58
375.22
375.20
375.21
375.47
375.55
375.24
375.71
375.89
375.86
375.54
375.56
375.75
375.72
375.23
376.86
376.52
376.44
376.22
376.70
376.20
376.68
376.21
376.91
376.26
376.90
377.53
377.52
377.20
377.55
377.19
377.23
377.74
377.70
377.97
377.73
378.52
378.19
378.88
378.83
378.20
378.86
378.22
378.21
378.71
379.08
379.96
379.95
379.21
379.46
379.54
379.85
379.23
379.43
379.48
379.88
379.25
379.22
379.74
379.24
379.49
380.19
380.21
380.20
380.90
380.72
380.23
380.74
380.54
380.22
380.76
381.95
381.53
381.45
381.88
381.57
381.52
381.54
381.21
381.82
381.73
381.24
381.20
382.67
382.22
382.85
382.20
382.54
382.47
382.21
382.73
382.72
382.56
382.89
382.45
383.22
383.96
383.95
383.90
383.55
383.70
383.74
383.56
383.20
383.73
383.21
383.69
383.72
383.75
383.24
384.20
384.86
384.89
384.51
384.71
384.22
384.24
384.57
384.26
384.23
385.56
385.71
385.18
385.20
385.85
385.54
385.75
385.24
385.26
385.89
385.21
386.17
386.90
386.55
386.20
386.88
386.24
386.70
386.25
386.69
386.74
387.15
387.53
387.93
387.72
387.24
387.25
387.89
387.51
387.88
387.57
387.23
388.87
388.89
388.96
388.23
388.44
388.92
388.24
388.54
388.25
388.20
388.47
388.53
388.75
388.58
389.45
389.58
389.20
389.23
389.88
389.19
389.22
389.21
389.73
390.20
390.70
390.22
390.88
390.98
390.53
390.56
390.24
390.23
390.19
390.73
391.28
392.00
391.23
391.68
391.55
391.90
391.73
391.25
391.74
391.56
391.72
391.88
391.21
391.54
392.55
392.19
392.24
392.20
392.57
392.16
392.22
392.89
392.90
392.74
392.75
392.73
392.28
392.25
393.93
393.97
393.72
393.56
393.21
393.22
393.23
393.86
393.47
393.19
393.26
393.71
393.24
393.74
393.25
394.46
394.86
394.54
394.20
394.21
394.74
394.97
394.72
394.25
394.71
394.56
394.85
394.23
394.75
395.22
395.89
395.48
395.55
395.18
395.20
395.57
395.51
395.23
395.90
395.87
395.73
395.92
395.21
395.70
395.24
395.00
396.09
396.50
396.89
396.23
396.21
396.52
396.72
396.54
396.55
396.73
396.90
396.24
397.23
397.21
397.95
397.71
397.97
397.20
397.78
397.57
397.74
397.22
397.24
398.76
398.45
398.24
398.77
398.20
398.18
398.19
398.21
398.23
398.72
398.46
398.90
398.99
398.73
398.71
399.94
399.46
399.21
399.88
399.53
399.54
399.55
399.98
399.26
399.23
399.20
399.74
400.45
400.96
400.53
400.22
400.98
400.21
400.26
400.75
400.25
400.89
400.24
400.73
400.72
400.19
401.16
401.95
401.54
401.88
401.47
401.21
401.89
401.75
401.22
401.50
402.95
402.55
402.43
402.22
402.21
402.56
402.76
402.23
402.91
402.26
402.92
402.31
403.56
403.54
403.21
403.23
403.57
403.71
403.20
403.72
403.49
403.74
403.89
404.15
404.21
404.71
404.22
404.55
404.91
404.23
404.72
404.73
404.98
404.19
404.92
404.24
404.56
404.25
404.74
405.21
405.20
405.68
405.74
405.97
405.88
405.90
405.22
405.77
405.57
405.25
405.27
405.73
405.70
405.76
406.22
406.70
406.71
406.23
406.53
406.75
406.26
406.78
406.20
406.24
406.92
406.73
406.25
406.01
407.71
407.21
407.89
407.46
407.97
407.19
407.74
407.57
407.72
407.75
407.23
407.77
407.24
407.76
407.54
407.26
407.27
408.79
408.21
408.55
408.22
408.72
408.95
408.23
408.56
408.74
408.25
408.75
408.68
408.24
408.70
408.89
408.54
408.76
408.57
408.27
408.73
408.92
409.18
409.97
409.57
409.73
409.87
409.20
409.21
409.72
409.22
409.24
409.48
409.19
409.74
409.90
409.56
409.88
410.51
410.55
410.76
410.54
410.57
410.95
410.87
410.69
410.21
410.68
410.88
410.56
410.90
410.74
410.58
410.23
410.91
410.24
410.25
410.97
410.77
411.18
411.01
411.21
411.48
411.74
411.46
411.75
411.24
411.23
411.47
411.88
411.98
411.97
411.72
411.89
411.49
411.54
411.70
411.25
411.92
412.47
412.96
412.56
412.72
412.54
412.71
412.21
412.57
412.90
412.20
412.24
412.23
412.22
412.78
412.99
412.51
413.27
413.87
413.54
413.23
413.21
413.22
413.45
413.88
413.56
413.24
413.94
414.21
414.22
414.55
414.70
414.73
414.75
414.88
414.25
414.26
414.24
414.76
415.04
415.94
415.01
415.22
415.21
415.23
415.58
415.89
415.48
415.28
415.26
415.90
415.71
415.91
415.74
415.75
415.54
415.18
415.25
415.24
415.73
415.69
415.81
416.97
416.20
416.88
416.98
416.24
416.25
416.27
416.22
417.89
417.55
417.22
417.72
417.46
417.75
417.56
417.19
417.92
417.24
417.25
417.76
417.23
417.28
418.16
418.75
418.53
418.20
418.21
418.90
418.57
418.73
418.22
418.77
418.31
419.27
419.20
419.54
419.90
419.88
419.24
419.91
419.74
419.22
419.71
419.89
419.23
419.59
419.58
419.25
419.92
419.76
419.57
419.26
420.47
420.71
420.46
420.55
420.21
420.91
420.88
420.89
420.24
420.23
420.54
420.22
420.73
420.90
420.70
420.76
420.75
420.78
420.52
421.47
421.71
421.57
421.25
421.74
421.26
421.55
421.22
421.76
421.24
421.21
421.75
421.77
421.23
422.56
422.22
422.96
422.19
422.76
422.20
422.24
422.73
422.25
422.23
422.27
422.21
422.77
422.74
422.26
422.75
423.72
423.58
423.57
423.22
423.21
423.25
423.88
423.24
423.87
423.23
423.91
423.70
423.26
423.76
423.90
423.73
423.27
423.60
424.08
424.59
424.23
424.46
424.60
424.21
424.72
424.91
424.57
424.25
424.88
424.27
424.24
424.92
424.71
424.89
425.97
425.20
425.25
425.74
425.54
425.24
425.57
425.21
425.23
425.59
425.77
425.92
425.90
425.93
425.69
425.89
425.26
426.60
426.96
426.74
426.23
426.22
426.57
426.59
426.21
426.75
426.25
426.72
427.24
427.74
427.57
428.27
429.23
429.09
430.89
430.26
430.74
430.27
430.91
430.24
430.71
430.93
431.23
431.87
431.21
431.95
431.72
431.57
431.22
431.55
431.89
431.25
431.48
431.60
431.76
431.73
431.74
432.75
432.87
432.09
432.88
432.55
432.69
432.54
432.90
432.50
432.76
432.73
432.91
432.71
432.92
432.25
432.26
432.27
432.78
432.22
433.52
433.97
433.19
433.46
433.23
433.88
433.57
433.96
433.76
433.78
433.22
433.72
433.59
433.48
433.24
433.74
433.25
433.73
434.20
434.55
434.56
434.90
434.86
434.26
434.24
434.47
434.73
434.25
434.22
434.75
434.91
434.77
434.76
434.30
434.74
434.27
435.22
435.24
435.23
435.56
435.26
435.47
435.90
435.54
435.73
435.78
435.21
435.87
435.74
435.27
435.71
435.76
436.98
436.24
436.23
436.89
436.58
436.88
436.97
436.90
436.55
436.99
436.75
436.74
436.57
436.91
436.26
436.73
436.56
436.77
436.20
436.27
436.36
437.22
437.89
437.55
437.24
437.56
437.25
437.23
437.98
437.77
437.72
437.83
438.57
438.72
438.87
438.22
438.71
438.23
438.47
438.90
438.24
438.69
438.99
438.25
438.88
438.73
438.91
438.75
438.74
438.77
438.76
438.27
438.78
438.94
438.21
439.22
439.23
439.56
439.72
439.49
439.52
439.47
439.25
439.24
439.91
439.92
439.90
439.75
439.74
439.87
439.89
439.58
439.26
439.55
439.98
439.76
440.22
440.21
440.54
440.23
440.69
440.59
440.00
440.24
440.55
440.73
440.72
440.25
440.56
440.71
440.91
440.76
440.81
441.22
441.23
441.90
441.57
441.89
441.24
441.21
441.96
441.71
441.54
441.26
441.73
441.27
441.25
441.28
441.29
441.51
441.76
441.32
442.21
442.20
442.90
442.86
442.55
442.89
442.74
442.27
442.59
442.22
442.28
442.24
442.76
442.26
442.29
442.73
442.80
443.25
443.23
443.75
444.59
445.72
445.12
445.76
445.59
445.24
445.55
446.22
446.88
446.25
446.48
446.57
446.74
447.48
447.24
447.77
447.56
447.54
447.74
447.76
447.73
447.49
447.26
447.90
447.75
447.72
447.27
447.55
448.92
448.12
448.25
448.24
448.71
448.57
448.78
448.73
448.59
448.91
448.75
448.26
448.68
448.21
449.71
449.58
449.97
449.74
449.89
449.00
449.88
449.59
449.26
449.77
449.24
449.25
449.47
449.28
449.78
449.75
449.23
450.98
450.23
450.48
450.46
450.72
450.47
450.59
450.22
450.21
450.25
450.56
450.76
450.78
450.73
450.30
450.24
450.58
450.27
450.90
450.57
451.28
451.24
451.91
451.92
451.78
451.72
451.22
451.90
451.26
451.25
451.57
451.23
451.74
451.76
451.20
451.18
452.21
452.57
452.48
452.22
452.26
452.23
452.58
452.25
452.71
452.92
452.89
452.91
452.56
452.74
452.94
452.77
452.27
452.28
452.30
452.95
453.78
453.50
453.58
453.21
453.89
453.23
453.72
453.91
453.57
453.18
453.48
453.92
453.93
453.47
453.00
453.56
453.24
453.51
453.90
453.25
453.75
453.76
453.28
453.59
453.77
453.29
453.34
454.45
454.91
454.98
454.47
454.55
454.46
454.75
454.99
454.90
454.89
454.25
454.22
454.74
454.24
454.76
454.57
454.71
454.01
454.73
454.32
454.59
454.54
455.22
455.89
455.49
455.21
455.97
455.25
455.73
455.50
455.24
455.57
455.59
455.01
455.23
455.99
455.74
455.92
455.75
455.93
455.28
456.84
456.98
456.24
456.26
456.22
456.75
456.25
456.71
456.00
456.78
456.29
456.27
456.73
456.92
456.76
456.28
456.59
456.77
457.28
457.24
457.22
457.74
457.26
457.58
457.20
457.93
457.25
457.76
457.56
457.55
457.72
457.79
457.57
457.23
457.27
457.77
457.62
457.29
458.25
458.58
458.91
458.23
458.26
458.70
458.30
458.73
458.78
458.24
458.57
458.27
458.21
458.77
458.74
458.02
458.79
458.80
458.62
459.46
459.47
459.22
459.74
459.58
459.44
459.24
459.75
459.99
459.73
459.50
459.57
459.91
459.26
459.25
459.32
459.94
459.18
459.28
459.84
460.59
460.47
460.24
460.99
460.71
460.56
460.92
460.90
460.75
460.72
460.25
460.27
460.74
460.76
460.23
460.01
460.80
460.94
460.96
461.25
461.24
461.76
461.47
461.92
461.58
461.26
461.60
461.75
461.27
461.79
461.29
461.91
461.77
462.15
462.23
462.60
462.96
462.29
462.72
462.27
462.24
462.26
462.25
462.58
462.74
462.90
462.95
462.73
462.98
462.89
462.75
462.78
462.59
462.57
462.61
462.50
463.99
463.72
463.22
463.59
463.57
463.89
463.24
463.87
463.58
463.71
463.26
463.48
463.23
463.25
463.55
463.27
463.94
463.78
463.79
463.90
463.28
464.21
464.58
464.72
464.23
464.74
464.90
464.54
464.57
464.25
464.22
464.49
464.27
464.03
464.77
464.63
464.75
464.81
466.00
465.56
465.25
465.58
465.76
465.26
465.24
465.57
465.53
465.94
465.92
465.77
465.72
465.59
465.78
465.27
465.23
465.80
465.54
466.92
466.58
466.98
466.25
466.54
466.27
466.19
466.75
466.93
466.79
466.57
466.28
466.30
466.49
466.26
466.77
466.24
466.63
466.61
467.10
467.24
467.46
467.57
467.60
467.51
467.89
467.61
467.26
467.74
467.91
467.25
467.75
467.00
467.92
467.77
467.98
467.23
467.28
467.27
467.52
467.30
467.96
467.62
467.18
468.30
468.72
468.23
468.22
468.90
468.24
468.48
468.89
468.58
468.91
468.55
468.94
468.57
468.59
468.74
468.75
468.27
468.19
468.26
468.25
468.29
468.49
468.76
468.35
469.59
469.25
469.74
469.93
469.24
469.49
469.58
469.50
469.91
469.51
469.62
469.79
469.55
470.22
470.74
470.24
470.25
470.56
470.23
470.50
470.73
470.98
470.76
470.91
470.26
470.78
470.75
470.30
470.28
470.95
471.92
471.98
471.28
471.71
471.24
471.48
471.89
471.76
471.27
471.87
471.94
471.29
471.80
471.77
471.60
471.26
471.72
471.62
471.93
471.02
472.26
472.25
472.74
472.23
472.93
472.55
472.21
472.50
472.22
472.56
472.24
472.27
472.89
472.78
472.77
472.01
472.31
472.29
472.80
474.00
473.99
473.23
473.59
473.92
473.50
473.57
473.25
473.26
473.76
473.27
473.30
473.24
473.28
473.01
473.95
473.03
473.33
474.59
474.98
474.22
474.24
474.90
474.25
474.28
474.76
474.78
474.92
474.99
474.72
474.26
474.57
474.27
474.56
474.74
474.29
474.95
474.31
474.79
475.93
475.55
475.57
475.59
475.27
475.22
475.24
475.74
475.26
475.62
475.94
475.25
475.77
475.76
475.60
475.79
475.52
475.96
475.28
476.27
476.60
476.25
476.98
476.57
476.75
476.72
476.58
476.91
476.94
476.74
476.59
476.23
476.26
476.70
476.21
476.24
476.90
476.76
476.62
476.55
477.74
477.26
477.20
478.00
477.57
477.99
477.25
477.24
477.60
477.92
477.93
477.72
477.77
477.27
477.30
477.31
477.29
477.61
477.28
477.82
477.94
477.63
477.96
477.81
477.34
478.72
478.26
478.23
478.48
478.49
478.73
478.92
478.90
478.01
478.93
478.76
478.25
478.27
478.77
478.80
478.79
478.54
478.78
478.28
479.58
479.22
479.97
479.28
479.24
479.75
479.50
479.26
479.77
479.51
479.79
479.25
479.29
479.78
479.76
479.02
479.95
479.59
479.31
480.72
480.50
480.58
480.76
480.79
480.60
480.61
480.25
480.75
480.74
480.28
480.73
480.27
480.01
480.24
480.80
480.81
481.96
481.53
481.60
482.00
481.74
481.55
481.97
481.77
481.25
481.76
481.59
481.90
481.92
481.26
481.28
481.61
481.75
481.30
481.85
482.59
482.24
482.51
482.25
482.01
482.26
482.57
482.92
482.23
482.34
482.27
482.28
482.29
482.60
482.78
482.30
483.58
483.46
483.94
483.24
483.22
483.26
483.75
483.76
483.59
483.57
483.93
483.23
483.27
483.25
483.95
483.02
483.92
483.28
483.01
484.00
483.60
483.53
483.30
484.25
484.56
484.01
484.58
484.74
484.73
484.21
484.60
484.29
484.94
484.27
484.78
484.93
485.24
486.00
485.74
485.73
485.72
485.51
485.77
485.99
485.27
485.75
485.60
485.92
485.90
485.31
485.76
485.26
485.96
485.59
485.29
485.30
486.90
486.60
486.51
486.26
486.24
486.91
486.59
486.76
486.31
486.27
486.01
486.62
486.29
486.94
486.79
486.25
486.33
486.30
486.72
486.50
487.23
487.06
487.25
487.92
487.58
487.89
487.56
487.90
487.77
487.27
487.28
487.97
487.60
487.26
487.94
487.74
487.76
487.64
487.29
487.75
487.24
487.95
487.79
487.31
488.24
488.76
488.92
488.73
488.25
488.93
488.29
488.18
488.27
488.60
488.61
488.87
488.26
488.57
488.79
488.31
489.75
489.24
489.76
489.74
489.49
489.28
489.26
489.62
489.79
489.27
489.29
489.58
489.57
489.78
489.77
489.94
490.57
490.20
490.24
490.77
490.93
490.58
490.71
490.73
490.74
490.25
490.29
490.27
490.60
490.31
490.81
490.63
490.30
490.37
491.50
491.59
491.74
491.27
491.49
491.60
491.48
491.94
491.91
491.61
491.76
491.24
491.78
491.75
491.01
491.58
491.25
491.92
491.73
491.80
491.21
491.29
491.30
491.56
492.22
492.90
492.23
492.26
492.91
492.78
492.75
492.25
492.74
492.27
492.30
492.24
492.28
492.76
492.60
492.95
492.81
492.63
493.58
493.23
493.75
493.49
493.74
493.91
493.01
494.00
493.80
493.24
493.60
493.73
493.31
493.27
493.72
493.28
493.25
493.26
493.51
493.30
493.76
493.62
493.81
493.78
493.65
493.83
494.57
494.91
494.26
494.50
494.27
494.99
494.75
494.76
494.55
494.58
494.62
494.77
494.74
494.30
494.96
494.78
494.24
494.93
494.97
494.79
494.98
494.06
495.98
495.27
495.25
495.90
495.80
495.89
495.60
495.57
495.77
495.76
495.58
495.92
495.94
495.56
495.26
495.23
495.24
495.28
495.95
495.29
495.79
495.93
495.01
495.81
497.00
496.93
496.51
496.25
496.94
496.26
496.78
496.49
496.24
496.74
496.92
496.76
496.79
496.63
496.80
496.77
496.60
496.23
496.30
496.01
496.75
496.32
496.55
496.98
497.25
497.75
497.91
497.26
497.01
497.58
497.76
497.50
497.78
497.62
497.28
497.29
497.03
497.55
497.27
497.98
498.98
498.56
498.92
498.26
498.99
498.76
498.93
498.23
498.01
498.75
498.27
498.61
498.59
498.72
498.60
498.77
498.78
498.81
498.04
498.52
498.96
498.64
498.32
499.56
499.24
499.48
499.91
499.01
499.98
499.72
499.26
499.95
499.23
499.59
499.52
499.60
499.93
499.27
499.25
499.61
499.83
499.92
499.77
499.29
499.54
499.62
499.78
499.31
499.74
500.22
500.58
500.25
500.76
500.26
500.77
500.78
500.28
500.24
500.50
500.21
500.81
500.80
500.52
500.29
500.51
500.59
500.27
500.94
500.30
500.54
501.25
501.27
501.53
501.76
501.61
501.60
501.78
501.24
501.26
501.30
501.01
501.62
501.93
501.90
501.94
501.29
501.95
501.28
501.96
501.59
501.77
502.23
502.26
502.25
502.97
502.93
502.27
502.51
502.75
502.30
502.28
502.32
502.29
502.81
502.65
502.82
503.11
503.48
503.99
503.76
503.51
503.58
503.95
503.78
503.77
503.26
503.28
503.31
503.87
504.75
504.26
504.92
504.53
504.77
504.24
504.27
504.94
505.00
504.95
504.78
504.76
504.28
504.61
504.96
504.91
504.29
504.03
504.80
505.11
505.79
505.23
505.93
505.28
505.31
505.50
505.51
505.75
505.99
505.27
505.58
505.29
505.74
505.22
505.72
505.25
505.62
505.24
505.26
505.76
505.63
505.57
505.97
505.06
505.65
505.47
506.58
506.25
506.59
506.55
506.28
506.57
506.92
506.22
506.26
506.27
506.31
506.29
506.30
506.96
506.93
506.53
506.79
506.61
506.80
506.98
506.77
507.56
507.50
507.55
507.76
507.73
507.92
507.02
507.49
507.28
507.81
507.29
507.77
507.80
507.30
507.62
507.26
507.08
507.15
507.31
507.14
508.21
508.25
508.27
508.99
508.74
508.91
508.93
508.24
508.48
508.26
508.29
508.79
508.80
508.78
508.28
508.03
508.60
508.95
508.33
508.77
508.32
508.84
509.58
509.74
509.59
509.95
509.76
509.26
509.27
509.63
509.22
509.77
509.03
509.93
509.28
509.61
509.65
509.75
509.31
509.79
509.62
509.30
509.80
509.89
509.82
509.32
510.60
510.74
510.26
510.00
510.72
510.59
510.75
510.04
510.62
510.24
510.61
510.95
510.91
510.27
510.73
510.28
510.30
510.93
510.92
510.81
510.96
510.64
510.29
510.05
510.63
510.31
511.25
511.60
511.93
511.02
511.27
511.99
511.00
511.78
511.26
511.57
511.79
511.03
511.94
511.29
511.61
511.96
511.22
511.32
511.31
511.97
511.33
511.65
512.25
512.23
512.53
512.26
512.57
512.50
512.62
512.93
512.28
512.60
512.95
512.51
512.92
512.78
512.77
512.30
512.98
512.75
512.65
512.79
512.34
513.26
513.79
513.49
513.28
513.59
513.30
513.25
513.54
513.29
513.58
513.33
513.04
513.27
513.31
513.80
513.23
513.24
513.32
513.03
513.76
514.94
514.27
514.01
514.22
514.24
514.77
514.80
514.26
514.59
514.92
514.31
514.79
514.61
514.60
514.95
514.93
515.59
515.50
515.74
515.26
515.61
515.28
515.92
515.95
515.01
515.78
515.77
515.94
515.25
515.27
515.30
515.76
515.32
515.80
515.02
515.91
515.34
516.27
516.91
516.00
516.93
516.74
516.25
516.26
516.29
516.80
516.28
516.30
516.59
516.72
516.81
516.75
516.99
516.03
516.96
516.31
516.32
516.34
516.76
517.58
517.60
517.26
517.27
517.94
517.28
517.30
517.77
517.29
517.76
517.79
517.78
517.95
517.66
517.35
518.51
518.26
518.76
518.73
518.25
518.24
518.63
518.22
518.83
518.60
518.95
518.77
518.28
518.79
518.62
518.64
518.78
518.30
518.85
518.34
519.74
519.52
519.94
519.28
519.91
519.03
519.51
519.92
519.78
519.50
519.24
519.63
519.26
520.58
520.74
520.93
520.26
520.27
520.64
520.91
520.25
520.33
520.79
520.31
520.96
520.92
520.28
520.78
520.81
520.29
520.53
520.24
520.75
520.65
520.32
521.61
521.77
521.74
521.49
521.01
521.24
521.29
521.27
521.90
521.91
521.54
521.28
521.58
521.51
521.93
521.95
521.34
521.81
521.70
521.30
521.76
521.82
521.80
522.33
522.75
522.25
522.24
522.51
522.60
522.49
522.50
522.77
522.93
522.59
522.02
522.95
522.58
522.26
522.29
522.27
522.30
522.78
522.81
522.28
522.62
522.98
523.95
523.58
523.77
523.25
523.29
523.28
523.75
523.31
523.30
523.27
523.78
523.32
523.98
523.34
523.36
524.19
524.27
524.28
524.91
524.26
524.93
524.96
524.76
524.95
524.01
524.94
524.25
524.92
524.78
524.80
524.56
524.77
524.31
524.79
524.83
524.32
524.36
524.88
524.38
525.74
525.79
525.26
525.24
525.22
526.00
525.78
525.75
525.29
525.49
525.28
525.53
525.92
525.76
525.59
525.27
525.94
525.63
525.61
525.31
525.33
525.38
526.50
526.27
526.79
526.24
526.26
526.93
526.28
526.33
526.80
526.03
526.30
526.60
526.95
526.96
526.77
526.82
526.32
526.63
526.83
526.74
526.81
526.31
527.25
527.78
527.28
527.92
527.91
527.77
527.76
527.59
527.61
527.27
527.60
527.29
527.05
527.81
527.79
527.33
527.66
527.07
527.26
527.88
528.33
528.00
528.25
528.47
528.26
528.51
528.30
528.27
528.75
528.97
528.63
528.77
528.28
528.79
528.03
528.82
528.80
528.96
528.54
528.78
528.76
528.56
528.24
528.99
528.84
529.59
529.28
529.27
529.74
529.80
529.95
529.63
529.52
529.82
529.25
529.30
529.96
529.32
529.64
529.62
529.81
529.93
529.29
529.79
529.83
529.92
530.28
530.78
530.50
530.52
530.26
530.89
530.90
530.76
530.27
530.29
530.62
530.33
530.48
530.80
530.32
530.30
531.26
531.27
531.23
531.51
531.24
531.25
531.57
531.29
531.78
531.81
531.30
531.28
531.61
531.92
531.62
531.94
531.77
531.95
531.74
531.05
531.80
531.32
531.82
531.84
531.33
532.89
532.24
532.26
532.53
532.96
532.28
532.92
532.91
532.29
532.25
532.30
532.78
532.79
532.77
532.27
532.99
532.97
532.73
532.64
532.32
532.03
532.86
532.00
532.62
532.34
533.27
533.26
533.00
533.24
533.52
533.04
533.75
533.33
533.31
533.72
533.28
533.76
533.81
533.83
533.94
533.25
533.03
533.74
533.53
533.34
533.79
533.35
533.78
534.29
534.80
534.93
534.77
534.27
534.26
534.05
534.62
534.28
534.61
534.81
535.00
535.79
535.78
535.29
535.28
535.60
535.77
535.32
535.81
535.34
535.73
535.25
535.33
535.83
536.23
536.17
536.24
536.58
536.97
536.83
536.50
536.29
536.92
536.51
536.77
536.79
536.76
536.31
536.61
536.80
536.25
536.63
536.82
537.92
537.79
537.28
537.32
537.30
537.26
537.75
537.29
537.68
538.74
538.62
538.91
538.88
538.77
538.64
538.04
538.55
538.96
538.15
538.29
538.78
538.30
538.25
538.26
538.94
538.93
538.27
538.79
538.33
538.63
538.31
538.28
538.40
539.60
539.28
539.29
539.57
539.90
539.97
539.80
539.81
539.26
539.31
539.53
539.78
539.25
539.92
539.32
539.05
539.59
539.94
539.76
539.93
539.30
539.79
539.83
539.56
539.37
539.15
540.28
540.54
540.78
540.58
540.26
540.53
540.30
540.75
540.71
540.95
540.63
540.94
540.97
540.80
540.61
540.79
540.82
540.24
540.04
540.92
540.83
540.33
540.35
540.10
540.72
541.94
541.23
541.50
541.26
541.96
541.74
541.55
541.63
541.95
541.27
541.81
541.79
541.29
541.31
541.98
541.78
541.83
541.51
541.53
541.30
541.28
541.64
541.34
541.00
541.33
542.08
542.76
542.79
542.28
542.77
542.80
542.51
542.25
542.78
542.29
542.63
542.74
542.53
542.84
542.61
542.31
542.54
542.66
542.83
542.62
542.34
542.59
542.81
543.95
543.50
543.26
543.29
543.27
543.94
543.96
543.73
543.55
543.82
543.31
543.30
543.79
543.28
543.32
543.97
543.53
543.83
543.98
543.85
543.35
543.34
543.80
544.58
544.77
544.63
544.80
544.61
544.52
544.62
544.25
544.82
544.28
544.79
544.26
544.31
544.30
544.97
544.78
544.34
544.24
544.33
544.81
544.05
544.03
544.54
544.96
544.29
544.35
544.83
545.02
545.24
545.27
545.99
545.92
545.60
545.78
545.28
545.79
545.05
545.30
545.31
545.26
545.62
545.63
545.80
545.95
545.76
545.61
545.38
546.26
546.24
546.27
546.77
546.78
546.28
546.64
546.32
546.80
546.52
546.30
546.25
546.61
546.31
546.62
546.29
546.33
546.95
546.81
546.84
546.83
546.56
546.68
546.59
547.61
547.01
547.78
547.27
547.55
547.76
547.30
547.26
547.28
547.94
547.92
547.80
547.98
547.29
547.63
547.07
547.32
547.64
547.03
547.99
547.66
547.33
547.34
547.68
547.06
547.79
548.76
548.27
548.01
548.87
548.25
548.29
548.82
548.83
548.97
548.93
548.96
548.80
548.85
548.77
548.32
548.31
548.94
548.84
548.35
548.64
548.62
548.63
549.74
549.80
549.93
549.01
549.52
549.76
549.95
549.28
549.83
549.79
549.27
549.51
549.82
549.32
549.94
549.34
549.57
549.29
549.33
550.26
550.28
550.51
550.53
550.93
550.32
550.27
550.58
550.80
550.81
550.95
550.97
550.30
550.29
550.96
550.65
550.82
550.31
550.24
550.62
550.78
550.63
550.61
550.33
550.76
550.34
550.56
550.83
550.00
550.85
551.25
551.95
551.29
551.61
551.94
551.59
551.28
551.79
551.92
551.77
551.85
551.54
551.32
551.65
551.96
551.34
551.83
551.82
551.80
551.00
551.04
551.64
552.76
552.29
552.77
552.93
552.60
552.55
552.27
552.82
552.26
552.79
552.31
552.62
552.51
552.63
552.32
552.33
552.80
552.28
552.64
552.84
552.81
552.30
552.96
552.83
552.25
552.36
552.35
552.39
552.41
553.26
553.01
553.61
553.58
553.62
553.90
553.78
553.29
553.64
553.27
553.53
553.05
553.79
553.63
553.97
553.31
553.28
553.36
553.24
553.76
553.33
553.66
553.65
553.83
553.30
553.34
553.41
554.25
554.99
554.76
554.00
554.28
554.60
554.59
554.94
554.53
554.82
554.27
554.96
554.26
554.80
554.81
554.29
554.98
554.95
554.02
554.79
554.84
554.85
554.32
554.77
554.04
554.30
554.34
554.31
554.10
555.24
555.26
555.62
555.61
555.04
555.95
555.78
555.28
555.53
555.25
555.93
555.99
555.35
555.67
555.27
555.30
555.03
555.33
555.80
555.64
555.68
556.60
556.25
556.95
556.01
556.54
556.73
556.93
556.53
556.24
556.29
556.75
556.79
556.27
556.78
556.28
556.32
556.31
556.65
556.84
556.33
556.83
556.85
556.68
556.02
557.77
557.59
557.26
557.30
557.02
557.27
557.76
557.55
557.49
557.80
557.66
557.93
557.22
557.29
557.33
557.79
557.81
557.85
557.05
557.28
557.32
557.64
557.04
558.00
557.08
557.01
557.60
557.35
558.24
558.29
558.27
558.82
558.31
558.62
558.79
558.78
558.96
558.25
558.28
558.97
558.61
558.33
558.65
558.63
558.81
558.23
558.77
558.60
558.30
558.83
558.35
559.92
559.02
559.94
559.62
559.58
559.26
559.65
559.29
559.32
559.61
559.24
559.80
559.93
559.28
559.30
559.83
559.55
559.36
559.81
559.39
559.43
560.25
560.62
560.54
560.76
560.53
560.77
560.81
560.60
560.63
560.27
560.29
560.65
560.33
560.64
560.66
560.35
560.31
560.84
560.00
560.85
560.34
561.96
562.00
561.63
561.24
561.60
561.51
561.95
561.55
561.32
561.52
561.27
561.82
561.31
561.64
561.33
561.77
561.75
561.30
561.79
561.80
561.28
561.29
561.85
561.26
561.69
561.59
561.36
561.38
562.98
562.27
562.30
562.25
562.95
562.61
562.62
562.32
562.77
562.64
562.23
562.29
562.80
562.81
562.07
562.34
562.36
562.63
562.86
563.99
563.02
563.91
563.30
563.33
563.29
563.52
563.77
563.96
563.97
563.63
563.73
563.28
563.94
563.82
563.84
563.32
563.85
563.80
563.79
563.81
563.65
563.54
563.48
563.47
563.19
564.30
564.62
564.26
564.78
564.27
564.94
564.80
564.31
564.32
564.34
564.61
564.79
564.36
564.64
564.28
564.77
565.00
564.33
564.81
564.35
565.28
565.27
565.29
565.81
565.33
565.52
565.80
565.97
565.30
565.77
565.79
565.56
565.95
565.23
565.34
565.68
565.78
565.10
566.27
566.28
566.63
566.54
566.29
566.81
566.79
566.82
566.77
566.62
566.33
566.80
566.31
566.65
566.34
566.78
566.66
566.86
566.83
566.30
566.43
566.93
567.03
567.60
567.02
567.78
567.28
567.64
567.30
567.77
567.29
567.63
567.31
567.62
567.26
567.98
567.96
567.51
567.66
567.32
567.84
567.81
567.80
567.33
567.95
567.00
567.34
567.35
567.39
568.95
568.25
568.94
568.65
568.53
568.03
568.27
568.91
568.79
568.30
568.78
568.80
568.56
568.99
568.62
568.24
568.63
568.82
568.86
568.01
568.31
568.32
568.26
568.76
568.97
568.85
568.64
568.29
569.60
569.27
569.80
569.05
569.98
569.62
569.29
569.77
569.97
569.30
569.63
569.94
569.28
569.65
569.79
569.34
569.02
569.35
569.31
569.76
569.78
569.36
569.03
570.28
570.61
570.77
570.53
570.27
570.97
570.82
570.62
570.80
570.64
570.94
570.31
570.36
570.33
570.60
570.54
570.99
570.29
570.56
570.81
570.83
570.35
570.69
570.30
571.29
571.50
571.81
571.94
571.30
571.62
571.32
571.31
571.28
571.26
571.77
571.97
571.01
571.86
571.55
571.80
571.63
571.93
571.58
571.79
571.25
571.36
571.35
572.26
572.95
572.76
572.28
572.30
572.94
572.80
572.97
572.98
572.79
572.62
572.96
573.00
572.32
572.31
572.27
572.64
572.33
572.81
572.84
573.02
573.29
573.30
573.80
573.27
573.28
573.04
573.31
573.82
573.79
573.81
573.63
573.32
573.75
573.66
573.91
573.96
573.26
573.65
573.06
573.34
573.33
573.11
573.35
574.27
574.53
574.01
574.28
574.96
574.60
574.31
574.29
574.55
574.79
574.30
574.57
574.33
574.34
574.81
574.00
574.63
574.80
574.97
574.32
574.07
574.26
574.02
574.84
574.40
575.62
575.03
575.53
575.58
575.31
575.63
575.29
575.05
575.33
575.27
575.06
575.32
575.81
575.28
575.56
575.84
575.93
575.30
575.80
575.98
575.36
575.61
576.01
576.29
576.92
576.04
576.97
576.79
576.26
576.81
576.66
576.78
576.67
576.33
576.31
576.80
576.28
576.62
576.76
576.95
576.30
576.27
576.32
576.35
576.53
576.64
576.98
576.83
576.85
576.34
576.56
576.24
576.03
576.99
576.36
577.03
577.89
577.13
577.80
577.28
577.04
577.29
577.79
577.33
577.63
577.30
577.32
577.00
577.34
577.31
577.84
577.56
577.37
577.58
577.36
577.96
577.76
577.86
578.30
578.61
578.29
578.98
578.80
578.77
578.75
578.32
578.83
578.85
578.63
578.95
578.87
578.84
578.36
578.72
578.68
578.65
578.62
578.33
578.97
578.10
579.59
579.29
579.76
579.32
579.61
579.28
579.33
579.35
579.31
579.05
579.82
579.63
579.66
579.97
579.34
579.04
579.84
579.78
579.81
579.57
579.30
579.10
579.87
579.20
580.80
580.78
580.28
580.51
580.76
580.62
580.31
580.94
580.82
580.81
580.29
580.32
580.77
580.30
580.33
580.63
580.35
580.66
581.00
580.58
580.25
580.36
581.32
581.28
581.96
581.79
581.30
581.02
581.78
581.26
581.29
581.31
581.33
581.97
581.61
581.53
581.55
581.83
581.27
581.09
581.34
581.67
581.62
581.84
581.70
581.35
581.41
582.27
582.60
582.29
582.28
582.33
582.79
582.54
582.31
582.80
582.66
582.30
582.97
582.65
582.26
582.83
582.34
582.08
582.35
582.63
582.04
582.24
582.11
582.36
583.96
583.63
583.31
583.02
583.54
583.86
583.82
583.79
583.32
583.30
583.97
583.78
583.35
583.64
583.33
583.11
583.65
583.34
583.80
583.36
584.26
584.80
584.27
584.79
584.30
584.04
584.51
584.82
584.54
584.32
584.63
584.83
584.34
584.05
584.33
584.84
584.86
584.58
584.77
584.69
584.37
584.29
584.85
584.12
584.31
585.26
585.54
585.96
585.32
585.65
585.78
585.30
585.98
585.34
585.29
585.33
585.31
585.04
585.52
585.56
585.00
585.40
585.28
585.79
585.02
585.58
585.35
585.67
585.01
585.36
585.03
585.63
586.57
586.28
586.29
586.88
586.30
586.26
586.60
586.79
586.64
586.32
586.84
586.81
586.31
586.98
586.78
586.82
586.27
586.80
586.85
587.00
586.63
586.96
586.37
586.36
586.83
587.25
587.27
587.04
587.78
587.63
587.59
587.52
587.28
587.05
587.29
587.33
587.82
587.80
587.62
587.77
587.30
587.32
587.34
587.55
587.83
587.07
587.08
587.96
587.37
587.68
587.57
587.84
588.93
588.79
588.76
588.80
588.81
588.64
588.61
588.34
588.84
588.55
588.82
588.28
588.58
588.30
588.27
588.31
588.95
588.04
588.35
588.41
589.75
589.27
589.29
589.52
589.60
589.82
589.79
589.61
589.98
589.32
589.30
589.26
589.83
589.36
589.31
590.00
589.33
589.35
589.80
589.34
589.65
589.11
589.40
590.31
590.79
590.78
590.02
590.75
590.04
590.01
590.29
590.32
590.64
590.82
590.30
590.99
590.80
590.63
590.09
590.37
590.36
590.66
590.87
590.62
591.27
591.32
591.59
591.29
591.76
591.80
591.85
591.31
591.93
591.96
591.35
591.64
591.00
591.66
591.98
591.36
591.65
591.30
591.81
591.58
591.71
591.83
591.04
591.82
592.04
592.25
592.30
592.29
592.28
592.94
592.98
592.61
592.09
592.32
592.81
592.31
592.82
592.65
592.37
592.83
592.33
593.27
593.54
593.53
593.01
593.75
593.67
593.79
593.33
593.30
593.32
593.37
593.82
593.80
593.65
593.29
593.83
593.84
593.31
593.36
593.86
594.96
594.77
594.62
594.03
594.97
594.29
594.28
594.32
594.84
594.64
594.79
594.31
594.34
594.35
594.82
594.85
594.30
594.33
594.36
594.12
595.92
595.62
595.99
595.63
595.54
595.81
595.80
595.30
595.32
595.31
595.00
595.66
595.94
595.33
595.34
595.97
595.29
595.82
595.36
595.98
595.35
595.13
596.60
596.94
596.92
596.65
596.53
596.97
596.78
596.35
596.77
596.29
596.27
596.28
596.30
596.64
596.07
596.33
596.82
596.31
596.34
596.83
596.00
596.09
596.71
596.41
597.70
597.28
597.95
597.79
597.30
597.61
597.94
597.63
597.62
597.32
597.64
597.65
597.78
597.96
597.33
597.01
597.31
597.34
597.99
597.67
597.57
597.66
597.09
597.86
597.76
597.37
598.26
598.27
598.32
598.79
598.80
598.64
598.06
598.81
598.56
598.84
598.54
598.76
598.87
598.30
598.29
598.09
598.36
598.77
598.28
598.08
598.34
598.38
598.39
599.28
599.54
599.81
599.80
599.63
599.26
599.95
599.32
599.30
599.35
599.29
599.64
599.86
599.97
599.34
599.66
599.99
599.33
599.38
599.83
599.85
599.36
599.70
599.88
600.30
600.03
600.93
600.32
600.28
600.79
600.81
600.62
600.05
600.04
600.29
600.31
600.80
600.34
600.07
600.84
600.99
600.26
600.27
600.33
600.97
600.82
600.56
600.95
600.01
600.67
600.37
600.11
600.36
601.65
601.76
601.83
601.64
601.81
601.27
601.32
601.31
601.30
601.77
601.82
601.36
601.85
601.00
601.34
601.63
601.37
602.82
602.83
602.79
602.33
602.59
602.92
602.29
602.84
602.80
602.35
602.34
602.06
602.30
602.81
602.26
602.78
602.31
602.00
602.57
602.39
602.38
602.36
602.37
603.27
603.95
603.93
603.77
603.79
603.31
603.81
603.33
603.29
603.63
603.58
603.00
603.64
603.84
603.80
603.89
603.60
603.87
603.42
604.21
604.33
604.76
604.29
604.60
604.80
604.63
604.67
604.96
604.62
604.26
604.06
604.73
604.64
604.81
604.82
604.17
604.89
604.83
604.34
605.00
604.30
604.37
604.70
605.28
605.95
605.91
605.83
605.30
605.32
605.33
605.29
605.64
605.35
605.65
605.08
605.58
605.78
605.54
605.31
605.81
605.69
605.06
605.37
605.34
605.67
605.71
605.12
606.60
606.81
606.04
606.80
606.25
606.66
606.76
606.32
606.64
606.28
606.35
606.67
606.30
606.06
606.99
606.96
606.34
606.33
606.79
606.65
606.85
606.86
606.07
606.83
606.05
606.14
606.13
607.26
607.05
607.63
607.92
607.81
607.55
607.76
607.98
607.80
607.67
607.33
607.31
607.28
607.01
607.32
607.20
607.34
607.35
607.58
607.99
607.59
607.85
607.02
608.58
608.83
608.97
608.96
608.30
608.57
608.80
608.63
608.62
608.29
608.35
609.63
609.77
609.32
609.31
609.34
609.30
609.80
609.22
609.97
609.64
609.84
609.65
609.83
609.36
609.35
609.82
609.05
609.00
609.04
610.28
610.30
610.27
610.77
610.81
610.34
610.01
610.36
610.83
610.82
610.33
610.18
611.61
611.32
611.82
611.83
611.81
611.68
612.00
611.33
611.41
611.99
611.84
611.39
612.29
612.77
612.18
612.62
612.79
612.63
612.26
612.97
612.80
612.30
612.31
612.05
612.32
612.65
612.02
612.07
612.85
612.87
612.68
612.35
612.78
612.88
612.01
612.83
613.62
613.27
613.55
613.94
613.66
613.31
613.29
613.04
613.57
613.33
613.24
613.79
613.34
613.82
613.32
613.67
613.38
613.30
613.81
613.96
613.97
613.59
613.08
613.35
613.18
613.99
614.96
614.32
614.82
614.30
614.28
614.59
614.55
614.63
614.31
614.98
614.34
614.61
614.78
614.37
614.07
614.85
614.65
614.35
614.26
614.33
614.99
614.39
614.81
614.70
614.38
614.71
615.31
615.82
615.32
615.06
615.26
615.04
615.33
615.28
615.81
615.84
615.64
615.30
615.37
615.63
615.07
615.05
615.35
615.99
615.86
615.58
615.02
615.97
615.72
615.87
615.13
616.99
616.30
616.37
616.78
616.97
616.33
616.29
616.80
616.28
616.32
616.36
616.08
616.31
616.34
616.87
616.82
616.35
616.81
616.86
616.39
617.73
617.31
617.62
617.93
617.64
617.82
617.81
617.33
617.27
617.30
617.56
617.86
617.97
617.99
617.10
617.11
617.78
617.35
617.65
617.84
617.37
617.88
617.69
617.83
617.85
617.66
617.32
617.26
617.14
618.28
618.74
618.29
618.31
618.53
618.78
618.25
618.03
618.34
618.27
618.84
618.30
618.80
618.32
618.99
618.33
618.83
618.96
618.81
618.35
618.77
618.01
618.97
618.42
619.81
619.29
619.31
619.27
619.33
619.57
619.82
619.59
619.36
619.32
619.99
619.85
619.87
619.35
619.38
619.34
619.64
619.83
619.63
620.04
620.07
620.85
620.32
620.79
620.84
620.57
620.31
620.33
620.34
620.82
620.35
620.99
620.29
620.59
620.97
620.37
620.01
620.65
620.83
620.66
620.36
620.08
620.05
621.54
621.29
621.28
621.32
621.31
621.63
621.07
621.27
621.56
621.77
621.06
621.34
621.80
621.81
621.35
621.83
621.36
621.82
621.99
621.86
621.59
621.33
621.39
621.37
621.66
621.38
622.33
622.86
622.28
622.81
622.29
622.32
622.65
622.83
622.00
623.00
622.82
622.07
622.34
622.36
622.85
622.84
622.05
622.13
622.37
623.29
623.31
623.81
623.77
623.34
623.24
623.80
623.30
623.32
623.02
623.79
623.83
623.86
623.60
623.84
623.85
623.33
623.82
623.95
623.35
623.88
623.71
623.38
623.89
624.05
624.82
624.79
624.27
624.31
624.63
624.32
624.77
624.98
624.96
624.99
624.97
624.07
624.83
624.12
624.57
624.87
624.86
624.02
624.36
624.34
624.38
624.58
624.84
625.81
625.28
625.80
625.78
625.31
625.29
625.65
625.55
625.33
625.01
625.32
625.35
625.34
625.82
625.64
625.83
625.97
625.88
625.86
625.69
625.03
625.84
625.73
625.89
625.37
625.38
625.43
626.77
626.63
626.65
626.78
626.07
626.99
626.31
626.32
626.96
626.80
626.81
626.62
626.33
626.64
626.37
626.56
626.69
626.36
626.34
626.38
627.00
626.73
626.03
626.83
626.13
626.29
626.48
627.53
627.29
627.63
627.79
627.58
627.31
627.30
627.34
627.80
627.59
627.35
627.26
627.70
627.36
627.56
627.61
627.33
627.60
627.38
627.89
627.87
627.64
627.83
627.86
627.06
627.02
628.30
628.61
628.31
628.36
628.27
628.33
628.93
628.96
628.85
628.57
628.68
628.78
628.83
628.35
628.03
628.37
628.01
628.34
628.07
628.88
628.86
628.75
628.38
628.89
628.15
628.39
629.31
629.03
629.29
629.63
629.52
629.67
629.82
629.30
629.32
629.84
629.28
629.05
629.65
629.34
629.58
629.33
629.36
629.08
629.12
629.35
629.02
629.37
630.95
630.86
630.85
630.29
630.82
630.06
630.34
630.32
630.83
630.36
630.33
630.84
630.81
630.04
630.87
630.30
630.70
630.01
630.10
630.37
630.64
630.23
631.65
631.26
631.28
631.05
631.78
631.80
631.92
631.32
631.79
631.08
631.85
631.34
631.30
631.33
631.99
631.96
631.58
631.01
631.89
631.39
631.81
631.52
632.80
632.00
632.65
632.96
632.81
632.30
632.32
632.28
632.82
632.99
632.36
632.10
632.68
632.56
632.34
632.03
632.37
632.41
632.83
632.02
632.11
632.35
632.44
633.99
633.28
633.27
633.80
633.83
633.74
633.86
633.81
633.33
633.00
633.64
633.31
633.37
633.36
633.61
633.08
633.70
633.85
633.84
633.34
633.30
633.13
634.85
634.31
634.80
634.61
634.96
634.63
634.78
634.28
634.39
634.02
634.56
634.60
634.33
634.64
634.08
634.37
634.34
634.58
634.32
634.90
634.87
634.36
634.03
634.68
634.89
634.69
634.30
634.73
634.98
634.65
635.84
635.00
635.80
635.98
635.82
635.33
635.83
635.32
635.86
635.63
635.78
635.30
635.31
635.35
635.02
635.34
635.01
635.38
635.81
635.68
635.29
635.67
635.85
635.39
635.89
635.73
635.36
636.66
636.62
636.31
636.30
636.63
636.35
636.29
636.97
636.33
636.86
636.34
636.82
636.37
636.83
636.87
636.32
636.38
636.36
636.00
637.77
637.63
638.00
637.31
637.65
637.80
637.64
637.32
637.01
637.36
637.85
637.34
637.33
637.30
637.35
637.07
637.56
637.10
637.88
637.84
637.39
637.58
638.82
638.60
638.34
638.87
638.31
638.01
638.32
638.83
638.86
638.33
638.30
638.35
638.59
638.02
638.36
638.84
638.85
638.99
638.88
638.09
639.78
639.95
639.29
639.28
639.33
639.31
639.32
639.83
639.84
639.82
639.34
639.98
639.87
639.80
639.01
639.88
639.39
639.06
639.36
639.00
639.15
640.76
640.31
640.30
640.28
640.32
640.82
640.59
640.63
640.29
640.83
640.67
640.33
640.34
640.85
640.35
640.37
640.03
640.81
640.38
640.40
640.43
641.52
641.77
641.00
641.63
641.33
641.81
641.66
641.32
641.29
641.82
641.37
641.79
641.36
641.34
641.69
641.39
641.57
641.12
641.91
641.88
641.01
641.27
641.83
641.38
641.65
642.51
642.06
642.31
642.26
642.62
642.32
642.34
642.33
642.09
642.83
642.57
642.68
642.30
642.80
642.90
642.77
642.37
642.67
642.36
642.60
643.28
643.24
643.03
643.06
643.07
643.29
643.01
643.31
643.99
643.83
643.35
643.37
643.84
643.82
643.81
644.00
643.34
643.30
643.86
643.67
643.41
643.38
643.39
643.68
643.73
644.61
644.30
644.98
644.86
644.67
644.68
644.32
644.29
644.81
644.82
644.87
644.37
644.09
644.34
644.36
644.65
644.78
644.35
644.70
644.33
644.31
645.00
644.85
644.83
644.84
644.39
644.89
644.14
644.06
644.38
645.59
645.92
645.30
645.31
645.77
645.98
645.84
645.03
645.81
645.86
645.79
645.34
645.27
645.36
645.32
645.68
645.70
645.83
645.85
645.33
645.38
645.90
645.65
645.01
645.91
645.07
645.40
646.58
646.82
646.57
646.54
646.30
646.07
646.34
646.32
646.85
646.86
646.77
646.78
646.79
646.31
646.36
646.84
646.06
646.35
646.90
646.83
646.89
646.59
646.29
647.81
647.05
647.32
647.34
647.30
647.00
647.65
647.31
647.68
647.35
647.99
647.66
647.61
647.33
647.59
647.11
647.39
647.89
647.44
648.34
648.79
648.32
648.31
648.81
648.66
648.97
648.68
648.85
648.87
648.99
648.33
648.35
648.82
648.02
648.01
648.03
648.39
648.69
648.83
648.67
648.36
648.40
648.41
649.63
649.28
649.82
649.85
649.83
649.33
649.35
649.98
649.32
649.88
649.64
649.54
649.87
649.68
649.36
649.34
649.02
649.39
649.86
649.40
649.90
649.74
649.41
650.79
650.63
650.80
650.67
650.27
650.32
650.82
650.31
650.36
650.34
650.35
650.86
650.71
650.33
650.01
650.38
650.84
650.05
650.70
650.88
650.69
650.11
650.85
650.16
651.33
651.81
651.34
651.28
651.82
651.31
651.01
651.29
651.30
651.96
651.87
651.80
651.35
651.37
651.32
651.09
651.79
651.58
651.86
651.69
651.59
651.84
651.36
651.00
651.14
651.85
651.62
651.38
652.81
652.63
652.99
652.31
652.79
652.32
652.36
652.35
652.05
652.33
652.39
652.03
652.41
652.34
652.69
652.88
652.38
652.82
652.65
652.73
653.32
653.84
653.54
653.82
653.86
653.96
653.34
653.67
653.10
653.35
653.31
653.85
653.68
653.01
653.88
653.30
653.29
653.99
653.07
653.81
653.33
653.59
653.70
653.63
653.05
653.37
653.06
654.51
654.83
654.81
654.60
654.64
654.96
654.31
654.06
654.33
654.34
654.85
654.38
654.32
654.35
654.30
654.84
654.04
654.90
654.92
654.68
654.03
654.59
654.37
654.79
654.40
655.31
655.00
655.64
655.04
655.84
655.30
655.78
655.32
655.33
655.96
655.98
655.82
655.80
655.34
655.35
655.37
655.85
655.86
655.81
655.39
655.41
655.88
655.90
655.15
656.79
656.83
656.34
656.07
656.82
656.80
656.31
656.63
656.33
656.64
656.27
656.01
656.81
656.77
656.39
656.30
656.09
656.91
656.05
656.38
656.40
657.56
657.80
657.65
657.33
657.85
657.81
657.84
657.98
657.02
657.58
657.86
657.07
657.67
657.83
657.70
657.03
657.38
657.62
657.69
657.88
657.71
657.92
657.35
657.68
658.81
658.32
658.35
658.83
658.66
658.05
658.34
658.84
658.87
658.33
658.68
658.38
658.02
658.31
658.67
658.01
658.00
658.85
658.04
658.36
658.30
658.40
658.74
659.34
659.65
659.27
659.30
659.36
659.35
659.31
659.37
659.82
659.33
659.68
659.00
659.61
659.40
659.01
659.86
659.87
659.06
659.05
659.96
659.32
659.75
659.39
660.63
660.80
660.08
660.79
660.29
660.32
660.36
660.83
660.31
660.34
660.10
660.37
660.40
660.35
660.87
660.86
660.81
660.82
660.85
660.38
661.29
661.54
661.60
661.32
661.65
661.96
661.33
661.99
661.77
661.86
661.82
661.34
661.83
661.84
661.72
661.36
661.35
661.68
661.66
661.12
661.31
661.73
661.09
661.17
662.57
662.92
662.81
662.99
662.35
662.78
662.31
662.67
662.30
662.59
662.86
662.39
663.00
662.98
662.36
662.80
662.83
662.05
662.32
662.38
662.65
662.45
663.79
663.30
663.81
663.67
663.10
663.31
663.34
663.32
663.38
663.80
663.35
663.87
663.37
663.83
663.07
663.41
663.82
663.91
663.36
663.33
663.66
663.40
664.36
664.98
664.31
664.79
664.85
664.81
664.35
664.88
664.33
664.83
664.86
664.29
664.30
664.67
664.37
664.87
664.32
664.41
664.42
665.30
665.32
665.28
665.33
665.81
665.84
665.36
665.09
665.87
665.31
665.01
665.35
665.82
665.83
665.37
665.13
665.11
665.86
665.38
665.02
665.42
665.88
666.29
666.03
666.82
666.64
666.57
666.38
666.34
666.81
666.35
666.66
666.56
666.37
666.84
666.39
666.80
666.99
666.62
666.78
666.86
666.33
666.68
666.67
666.01
666.10
666.08
666.71
666.15
666.31
666.40
667.32
667.06
668.00
667.34
667.36
667.69
667.35
667.31
667.33
667.83
667.84
667.03
667.30
667.85
667.05
667.37
667.11
667.38
667.87
667.92
667.40
667.41
668.65
668.79
668.83
668.30
668.67
668.88
668.33
668.32
668.02
668.80
668.37
668.86
668.89
668.84
668.87
668.82
668.62
668.36
668.04
668.41
668.68
668.64
669.60
669.55
669.65
669.32
669.82
669.86
669.28
669.68
669.10
669.35
669.67
669.66
669.84
669.89
669.81
669.83
669.09
669.04
669.33
669.85
669.01
669.40
669.37
669.46
669.18
671.00
670.30
670.82
670.35
670.33
670.86
670.93
670.83
670.60
670.81
670.84
670.85
670.31
670.32
670.37
670.69
670.09
670.34
670.89
670.10
670.04
670.71
670.70
670.40
670.41
671.34
671.68
671.59
671.35
671.30
671.33
671.31
671.70
671.85
671.87
671.98
671.83
671.88
671.99
671.02
671.89
671.40
671.86
671.10
671.37
671.39
671.92
672.31
672.32
672.03
672.35
672.65
672.33
672.01
672.37
672.83
672.84
672.39
672.06
672.04
672.36
672.38
672.86
672.40
672.67
673.83
673.66
673.58
673.68
673.82
673.99
673.38
673.34
673.04
673.86
673.33
673.36
673.30
673.35
673.09
673.03
673.32
673.71
673.39
673.87
673.37
673.05
673.08
673.90
673.41
673.42
674.77
674.66
674.08
674.32
674.11
674.68
674.35
674.83
674.36
674.34
674.37
674.01
674.33
674.91
674.03
674.67
676.00
675.84
675.09
675.32
675.33
675.37
675.70
675.36
675.85
675.96
675.34
675.67
675.98
675.35
675.01
675.80
675.72
675.03
675.38
675.88
676.26
676.29
676.32
676.78
676.83
676.31
676.99
676.84
676.87
676.37
676.11
676.82
676.40
676.36
676.38
676.34
676.69
676.71
676.03
676.91
677.85
677.82
677.99
677.08
677.31
677.05
677.64
677.34
677.84
677.36
677.38
677.91
677.89
677.81
677.86
677.87
677.04
677.69
678.00
677.39
677.61
677.37
677.10
677.88
677.92
678.66
678.81
678.37
678.88
678.99
678.32
678.86
678.83
678.33
678.36
678.90
678.35
678.84
678.70
678.14
678.40
678.38
678.92
678.72
678.67
679.32
679.67
679.84
679.31
679.37
679.83
679.35
679.82
679.86
679.03
679.34
679.11
679.88
679.92
679.68
679.61
679.69
679.87
679.85
679.81
679.38
679.01
679.41
679.42
679.39
680.86
680.64
680.32
680.34
680.88
680.36
680.37
680.82
680.31
680.33
680.83
680.35
680.85
680.87
680.69
680.11
680.09
680.70
680.84
680.73
681.55
681.04
681.34
681.32
681.63
681.36
681.82
681.02
681.35
681.39
681.89
681.88
681.37
681.87
681.71
681.38
681.92
681.06
681.07
681.42
681.67
681.91
682.57
682.07
682.64
682.66
682.35
682.87
682.81
682.37
682.34
682.82
682.38
682.59
682.83
682.90
682.40
682.11
682.91
682.42
682.43
683.57
683.09
683.36
683.02
683.84
683.34
683.65
683.33
683.31
683.83
683.35
683.41
683.99
683.29
683.71
683.89
683.60
683.86
683.82
683.85
683.43
683.21
684.98
684.34
684.35
684.37
684.67
684.58
684.68
684.83
684.84
684.71
684.38
684.39
684.33
684.91
684.01
684.31
684.65
684.40
684.69
684.36
684.90
684.20
684.07
684.93
685.29
685.68
685.55
685.84
685.38
685.30
685.86
685.82
685.39
685.32
685.89
685.33
685.37
685.36
685.06
685.85
685.92
685.93
685.43
685.81
685.83
685.67
686.20
686.84
686.80
686.68
686.28
686.83
686.34
686.33
686.81
686.85
686.32
686.62
686.89
686.41
686.86
686.35
686.38
686.40
686.60
686.87
686.37
686.05
687.85
688.00
687.97
687.32
687.02
687.34
687.37
687.64
687.35
687.84
687.33
687.38
687.90
687.40
687.80
687.39
687.43
687.36
687.91
687.69
687.76
687.09
687.75
688.08
688.33
688.82
688.37
688.34
688.35
688.84
688.11
688.87
688.86
688.39
688.32
688.71
688.68
688.88
688.85
688.81
688.36
688.41
688.73
688.17
688.09
688.19
689.60
689.31
689.03
689.33
689.34
689.66
689.83
689.01
689.84
689.37
689.85
689.02
689.91
689.86
689.40
690.00
689.38
689.36
689.35
689.05
689.93
689.10
690.29
690.05
690.32
690.34
690.37
690.33
690.88
690.85
690.02
690.38
690.10
690.91
690.93
690.84
690.03
690.64
690.36
690.87
690.35
690.83
690.50
691.37
691.01
691.31
691.80
691.98
691.35
691.86
691.66
691.33
691.34
691.70
691.82
691.41
691.32
691.04
691.39
691.36
691.69
691.84
691.85
691.05
691.38
691.03
691.40
692.34
692.31
692.83
692.04
692.66
692.36
692.90
692.32
692.87
692.37
692.71
692.33
692.72
692.89
692.60
692.86
692.91
692.68
692.88
692.92
692.29
692.42
692.52
693.85
693.84
693.31
693.67
693.36
693.39
693.33
693.34
693.71
694.00
693.35
693.02
693.88
693.69
693.90
693.41
693.38
693.68
693.89
693.40
694.35
694.32
694.84
694.39
694.87
694.34
695.00
694.88
694.86
694.38
694.69
694.89
694.36
694.33
694.85
694.03
694.15
694.71
694.05
694.90
694.37
694.40
694.19
695.31
695.80
695.33
695.86
695.34
695.05
695.83
695.38
695.41
695.01
695.39
695.30
695.40
695.88
695.36
695.68
695.09
695.85
695.90
695.65
695.87
696.37
696.35
696.32
696.33
696.31
696.85
696.86
696.61
696.84
696.38
696.11
696.36
696.87
696.72
696.68
696.44
697.85
697.82
697.83
697.37
697.79
697.87
697.81
697.33
697.36
697.34
697.84
697.03
697.04
697.73
697.86
697.09
697.88
697.38
697.89
697.08
697.35
697.69
698.35
698.33
698.34
698.38
698.86
698.04
698.88
698.37
698.92
698.36
698.69
698.68
698.05
698.85
699.84
699.88
699.30
699.35
699.36
699.37
699.34
699.67
699.90
699.70
699.41
699.39
699.82
699.09
699.11
699.03
699.38
700.33
700.36
700.32
700.66
700.34
700.59
700.04
700.70
700.80
700.38
700.58
700.40
700.87
700.63
700.30
700.83
700.90
700.39
700.68
700.37
700.03
700.84
700.61
700.88
700.93
700.75
700.05
700.72
700.43
700.86
700.94
701.33
701.35
701.83
701.79
701.34
701.37
701.69
701.02
701.36
701.80
701.89
701.86
701.32
701.38
701.88
701.82
701.13
701.06
701.14
701.07
701.39
701.71
702.85
702.37
702.35
702.84
702.31
702.02
702.41
702.08
702.40
702.83
702.62
702.38
702.82
702.86
702.78
702.39
702.77
702.13
702.76
702.43
703.38
703.34
703.66
703.81
703.82
703.37
703.02
703.83
703.85
703.92
703.36
703.39
703.68
703.88
703.86
703.62
703.87
703.72
703.42
703.43
703.41
704.57
704.35
704.34
704.61
704.28
704.02
704.38
704.84
704.33
704.82
704.37
704.13
704.86
704.36
704.12
704.41
704.85
704.70
704.05
705.89
705.35
705.02
705.86
705.37
705.69
705.39
705.36
705.67
705.84
705.83
705.34
705.38
705.90
705.92
705.93
705.41
705.40
705.19
705.42
706.32
706.37
706.36
706.84
706.89
706.33
706.90
706.38
706.40
706.35
706.83
706.70
706.04
706.73
706.34
706.14
706.68
706.39
706.11
707.67
707.34
707.58
707.30
707.37
707.39
707.91
707.86
707.33
707.12
707.03
707.85
707.89
707.36
707.41
707.38
707.07
707.15
707.09
707.88
707.44
707.69
708.83
708.99
708.32
708.87
708.34
708.86
708.59
708.36
708.01
708.35
708.89
708.40
708.91
708.38
708.04
708.05
708.39
708.44
708.71
708.11
709.65
709.59
709.94
709.33
709.82
709.85
709.83
709.35
709.34
709.37
709.36
709.06
709.89
709.03
709.88
709.72
709.40
709.11
709.45
709.05
709.04
709.39
710.76
710.10
710.86
710.38
710.06
710.85
710.82
710.89
710.35
710.62
710.04
710.71
710.66
710.36
710.67
710.39
710.40
710.18
710.42
711.86
711.85
711.37
711.83
711.84
711.88
711.07
711.02
711.38
711.35
711.99
711.10
711.34
711.33
711.36
711.92
711.41
711.76
711.91
711.94
711.77
711.43
712.31
712.88
712.82
712.85
712.84
712.35
712.34
712.38
712.90
712.11
712.69
712.36
712.33
712.87
712.37
712.86
712.75
712.45
712.89
712.20
712.19
713.61
713.81
713.84
713.32
713.00
713.06
713.35
713.58
713.41
713.24
713.03
713.89
713.88
713.14
713.85
713.40
713.90
713.37
713.02
713.38
713.92
713.39
714.07
714.09
714.05
714.34
714.37
714.31
714.87
714.66
714.40
714.38
714.39
714.89
714.29
714.01
714.36
714.35
714.32
714.69
714.84
714.80
714.42
714.10
714.90
714.43
715.06
715.36
715.86
715.81
715.33
715.37
715.40
715.38
715.00
715.44
715.89
715.04
715.41
715.03
715.05
715.34
715.48
715.42
715.58
716.33
716.89
716.36
716.86
716.38
716.88
716.11
716.40
716.30
716.35
716.90
716.41
716.72
716.65
716.32
716.20
717.61
717.37
717.91
717.35
717.88
717.72
717.85
717.92
717.33
717.38
717.30
717.86
717.40
717.31
717.01
717.60
717.39
717.08
717.71
717.11
717.43
717.44
717.78
717.10
718.80
718.69
718.83
718.38
718.73
718.39
718.36
718.40
718.37
718.89
718.41
718.85
718.71
718.84
718.33
718.42
718.86
718.74
718.72
718.70
718.43
718.09
719.09
719.33
719.56
719.97
719.31
719.91
719.90
719.83
719.87
719.38
719.39
719.86
719.37
719.66
719.35
719.08
719.41
719.67
719.92
720.32
720.71
720.37
720.82
720.36
720.35
720.39
720.86
720.00
720.03
720.43
720.02
720.33
720.38
720.84
720.10
720.88
721.36
721.83
721.68
721.99
721.07
721.81
721.82
721.03
721.06
721.35
721.86
721.33
721.69
721.71
721.88
722.86
722.00
722.34
722.29
722.70
722.36
722.37
722.35
722.85
722.88
722.10
722.09
722.89
722.39
722.01
722.91
722.38
722.02
722.71
722.04
722.78
722.40
722.95
723.34
723.01
723.36
723.04
723.38
723.37
723.86
723.41
723.35
723.39
723.40
723.69
723.13
723.44
724.30
724.33
724.58
724.88
724.36
724.34
724.28
724.85
724.71
724.40
724.31
724.14
724.68
724.87
724.65
724.39
724.69
724.11
724.91
724.89
724.02
725.86
725.83
725.69
725.71
725.87
725.42
725.68
725.35
725.37
725.38
725.32
725.85
725.34
725.39
725.90
725.33
725.46
725.07
725.44
725.43
726.84
726.69
726.87
726.35
726.82
726.32
726.88
726.85
726.33
726.41
726.04
726.39
726.37
726.08
726.89
726.36
726.38
726.71
726.40
726.93
726.92
726.44
726.11
726.10
727.09
727.61
727.31
727.63
727.74
727.85
727.33
727.88
727.36
727.47
727.64
727.37
727.40
727.41
728.00
727.38
727.21
727.46
728.68
728.35
728.71
728.70
728.40
728.37
728.34
728.36
728.32
728.06
728.91
728.89
728.03
728.77
728.31
728.10
728.44
729.81
729.38
729.89
729.42
729.35
729.91
729.06
729.39
729.41
729.40
729.32
729.72
729.88
729.08
729.45
729.95
729.70
729.12
730.98
730.02
730.33
730.85
730.35
730.87
730.37
730.38
730.10
730.89
730.40
730.71
730.03
730.92
730.84
730.88
730.86
730.44
730.77
730.42
731.25
731.83
731.67
731.85
731.37
731.33
731.38
731.36
731.40
731.39
731.87
731.35
731.89
731.08
731.70
731.93
731.42
731.46
731.29
731.91
731.78
732.70
732.87
732.36
732.40
732.81
732.86
732.39
732.89
732.38
732.85
732.93
732.91
732.44
732.12
732.55
733.00
733.85
733.37
733.40
733.79
733.38
733.35
733.84
733.86
733.88
733.92
733.39
733.33
733.91
733.41
733.43
733.77
733.44
733.09
733.96
733.71
733.89
734.07
734.66
734.84
734.35
734.38
734.33
734.86
734.85
734.03
734.37
734.96
734.16
734.91
734.89
734.87
734.40
734.94
734.39
734.92
734.02
734.45
734.49
734.21
735.36
735.89
735.38
735.37
735.40
735.61
735.35
735.83
735.39
735.94
735.88
735.84
736.37
736.32
736.38
736.87
736.42
736.84
736.59
736.40
736.85
736.83
736.35
736.86
736.36
736.06
736.41
736.39
736.05
736.08
736.75
736.10
736.88
736.90
736.45
736.44
737.11
737.36
737.34
737.41
737.83
737.31
737.85
737.35
737.87
737.37
737.84
737.39
737.38
737.08
737.71
737.05
737.72
737.91
737.40
737.79
737.96
737.46
738.33
738.67
738.85
738.34
738.32
738.37
738.35
738.36
738.84
738.87
738.86
738.40
738.88
738.01
738.38
738.75
738.39
738.93
738.47
739.65
739.33
739.84
739.67
739.36
739.03
739.34
739.37
739.38
739.41
739.40
739.85
739.02
739.87
739.14
739.39
739.63
739.89
739.06
739.94
739.74
739.77
739.72
740.31
740.36
740.59
740.35
740.84
740.90
740.38
740.41
740.88
740.12
740.39
740.91
740.37
740.63
740.43
740.40
740.05
740.87
740.04
740.71
740.46
740.78
741.86
741.35
741.81
741.37
741.71
741.62
741.36
741.32
741.42
741.03
741.34
741.43
741.05
741.88
741.85
741.10
741.59
741.96
741.38
741.69
741.95
741.92
741.90
741.40
741.12
741.20
742.30
742.14
742.32
742.87
742.37
742.34
742.02
742.05
742.35
742.78
742.45
742.81
742.43
742.39
742.41
742.13
742.89
742.85
742.38
742.42
742.40
742.22
742.54
743.85
743.38
743.09
743.84
743.73
743.91
743.88
743.43
743.32
743.69
743.90
743.33
743.37
743.39
743.93
743.36
743.40
743.10
743.89
744.35
744.57
744.39
744.42
744.85
744.89
744.87
744.44
744.71
744.38
744.72
744.43
744.41
744.06
744.84
744.40
744.02
744.88
744.86
744.76
744.46
744.37
744.91
744.36
744.94
744.96
744.19
745.35
745.34
745.88
745.38
745.39
745.41
745.87
745.89
745.93
745.04
745.40
745.14
745.36
745.37
745.31
745.75
745.92
745.73
746.84
746.34
746.33
746.36
746.72
746.39
746.86
746.40
746.07
746.94
746.41
746.87
746.14
746.38
746.88
746.90
746.16
746.93
746.37
746.46
746.79
746.10
747.30
747.34
747.04
747.81
747.84
747.37
747.82
747.36
747.41
747.40
747.38
747.94
747.74
747.87
747.76
747.39
747.44
747.10
747.96
747.46
748.95
748.35
748.36
748.87
748.39
748.90
748.38
748.74
748.84
748.41
748.40
748.08
748.42
748.43
748.45
749.82
749.36
749.85
749.89
749.03
749.35
749.38
749.37
749.09
749.90
749.88
749.40
749.13
749.41
749.73
749.39
749.22
750.85
750.61
750.91
750.36
750.37
750.99
750.42
750.26
750.40
750.11
750.84
750.39
750.90
750.45
750.43
750.72
750.41
750.89
750.75
751.63
751.85
751.37
751.10
751.38
751.89
751.40
751.39
751.90
751.42
751.84
751.75
751.92
751.44
751.04
751.71
752.82
752.36
752.06
752.39
752.34
752.72
752.38
752.13
752.43
752.11
752.90
752.91
752.88
752.47
753.37
753.31
753.69
753.82
753.83
753.38
753.33
753.34
753.93
753.36
753.87
753.40
753.42
753.85
753.49
753.71
753.89
753.39
753.47
753.43
753.97
754.33
754.36
754.35
754.87
754.37
754.32
754.12
754.39
754.38
754.40
754.85
754.41
754.42
754.21
754.45
755.70
755.69
755.34
755.05
755.87
755.40
755.36
755.42
755.38
755.10
755.02
755.88
755.85
755.13
755.65
755.44
755.37
755.06
755.43
755.77
755.47
755.93
755.97
755.79
755.46
755.94
756.98
756.91
756.36
756.38
756.13
756.86
756.39
756.67
756.35
756.37
756.45
756.49
756.40
756.04
756.06
756.90
756.94
756.05
756.77
756.41
757.04
757.40
757.37
757.41
757.35
757.39
757.33
757.89
757.38
757.88
757.90
757.93
757.95
757.87
757.42
757.84
757.92
757.91
758.37
758.68
758.07
758.36
758.92
758.03
758.04
758.87
758.40
758.66
758.41
758.85
758.76
758.43
758.38
758.90
758.83
758.34
758.86
758.88
758.89
758.42
758.46
758.96
758.45
759.32
759.37
759.87
759.02
759.85
759.38
759.39
759.42
759.43
759.40
759.04
759.41
759.36
759.91
759.35
759.89
759.98
760.35
760.06
760.86
760.05
760.14
760.39
760.89
760.44
760.92
761.00
760.41
760.94
760.90
760.82
760.40
760.38
760.43
760.76
760.23
761.38
761.90
761.35
761.87
761.02
761.37
761.12
761.41
761.39
761.91
761.43
761.47
761.13
761.80
762.88
762.35
762.87
762.39
762.89
762.40
762.42
762.38
762.74
762.03
762.72
762.90
762.14
762.71
762.41
762.09
763.59
763.88
763.38
763.89
763.93
763.47
763.83
763.97
763.40
763.86
763.43
763.71
763.74
763.65
763.73
763.10
763.77
763.39
763.42
763.44
763.41
763.87
763.96
764.36
764.33
764.44
764.86
764.38
764.02
764.39
764.71
764.88
764.32
764.65
764.63
764.08
764.05
764.92
764.41
764.42
764.90
764.10
764.54
765.97
765.71
765.88
765.87
765.89
765.93
765.40
765.74
765.38
765.85
765.39
765.84
765.36
765.18
765.12
765.73
765.34
765.72
765.06
766.04
766.85
766.89
766.86
766.36
766.32
766.40
766.07
766.39
766.06
766.37
766.88
766.12
766.45
766.38
766.83
767.59
767.72
767.34
767.87
767.38
767.41
767.36
767.85
767.94
767.44
767.78
767.70
767.40
767.32
767.65
767.06
767.45
767.88
767.37
767.05
767.90
767.75
767.47
767.46
768.85
768.89
768.74
768.35
768.87
768.39
768.88
768.38
768.90
768.37
768.36
768.95
768.86
768.10
768.00
768.78
768.03
768.68
768.40
769.42
769.87
769.40
769.37
769.38
769.34
769.81
769.71
769.86
769.64
769.48
769.46
769.43
769.93
769.09
769.94
769.91
769.08
769.89
769.47
769.75
770.35
770.32
770.88
770.36
770.41
770.38
770.78
770.93
770.37
770.89
770.92
770.40
770.48
770.06
770.05
770.68
770.87
770.42
770.39
770.67
770.83
770.46
770.13
770.47
771.88
771.38
771.35
771.39
771.16
771.86
771.84
771.43
771.74
771.72
771.94
771.46
771.08
771.44
771.71
771.36
771.96
771.48
771.23
772.36
772.37
772.88
772.92
772.89
772.38
772.42
772.41
772.58
772.15
772.76
772.45
772.39
772.44
772.90
772.72
772.82
773.61
773.68
773.82
773.34
773.42
773.91
773.41
773.15
773.88
773.36
773.44
773.45
773.65
773.38
773.46
773.43
773.27
773.73
773.47
774.37
774.88
774.39
774.72
774.42
774.40
774.41
774.73
774.46
774.90
774.38
774.92
774.95
774.85
775.29
775.33
775.35
775.38
775.42
775.36
775.04
775.87
775.91
775.37
775.72
775.77
775.93
775.76
775.39
775.88
775.48
775.81
776.84
776.59
776.89
776.37
776.71
776.42
776.39
776.34
776.41
776.11
776.08
776.82
776.40
776.03
776.77
776.43
776.22
776.14
776.46
777.31
777.37
777.61
777.88
777.03
777.85
777.44
777.92
777.34
777.38
777.36
777.35
777.39
777.33
777.15
777.42
777.40
777.14
777.45
777.68
777.46
777.73
778.34
778.36
778.88
778.94
778.42
778.87
778.33
778.37
778.40
778.39
778.86
778.93
778.91
778.43
778.38
778.96
778.44
778.47
779.34
779.36
779.38
779.89
779.86
779.41
779.40
779.71
779.90
779.77
779.79
779.39
779.17
779.92
779.67
779.08
779.46
779.45
779.44
779.42
780.98
780.32
780.86
780.35
780.39
780.38
780.72
780.40
780.09
780.15
780.92
780.87
780.44
780.43
780.42
780.91
780.46
780.05
780.90
780.47
780.97
780.55
782.00
781.91
781.39
781.89
781.33
781.90
781.44
781.95
781.38
781.06
781.43
781.67
781.45
781.41
782.35
782.41
782.86
782.38
782.39
782.36
782.90
782.65
782.33
782.40
782.80
782.72
782.95
782.09
782.87
782.88
782.94
782.44
782.24
782.89
782.49
782.57
783.65
783.13
783.90
783.37
783.58
783.33
783.38
783.36
783.39
783.40
783.95
783.94
783.87
783.75
783.43
783.74
784.68
784.32
784.42
784.36
784.92
784.41
784.04
784.85
784.88
784.40
784.44
784.89
784.39
784.90
784.43
784.74
784.10
784.38
784.49
784.47
785.89
785.38
785.37
785.39
785.36
785.40
785.43
785.97
785.14
785.47
785.46
785.78
786.90
786.86
786.88
786.44
786.17
786.33
786.75
786.40
786.37
786.42
786.93
786.39
786.43
786.38
786.92
786.41
786.45
787.86
787.38
787.05
787.40
787.85
787.92
787.88
787.95
787.42
787.07
787.36
787.39
787.94
787.90
787.41
787.67
788.09
788.89
788.38
788.83
788.41
788.10
788.31
788.37
788.43
788.90
788.42
788.75
788.92
788.91
788.40
788.12
788.99
788.98
789.79
789.09
789.62
789.89
789.07
789.37
789.40
789.72
789.39
789.12
789.86
789.06
789.90
789.42
789.41
789.45
789.46
789.08
789.10
790.90
790.89
790.88
790.38
790.76
790.40
790.92
790.39
790.41
790.17
790.14
790.37
790.87
790.72
790.42
790.70
790.45
790.95
790.48
791.05
791.36
791.37
791.34
791.06
791.89
791.39
791.97
791.40
791.41
791.91
791.88
791.95
791.72
791.04
791.78
791.93
791.94
791.45
791.48
791.15
791.47
792.41
792.87
792.35
792.85
792.39
792.15
792.89
792.43
792.44
792.36
792.37
793.82
793.39
793.38
793.94
793.45
793.42
793.11
793.73
793.90
793.89
793.93
793.36
793.40
793.80
793.91
793.86
793.37
793.50
793.25
794.07
794.32
794.08
794.85
794.84
794.36
794.92
794.39
794.88
794.37
794.40
794.64
794.43
794.14
794.15
794.89
794.42
794.95
794.79
794.44
794.74
794.38
795.62
795.89
795.84
795.32
795.37
795.41
795.38
795.39
795.40
795.43
795.93
795.77
795.90
795.78
795.49
796.30
796.33
796.34
796.85
796.35
796.38
796.87
796.41
796.16
796.92
796.86
796.95
796.39
796.42
796.76
796.15
796.45
796.94
796.90
796.88
796.44
796.49
797.39
797.40
797.93
797.85
797.41
797.83
797.65
797.74
797.38
797.12
797.14
797.28
797.07
797.44
797.42
797.89
797.92
797.50
798.88
798.86
798.41
798.47
798.95
798.39
798.40
798.92
798.45
798.75
798.42
798.36
798.89
798.23
798.00
799.36
799.73
799.72
799.86
799.38
799.68
799.41
799.91
799.92
799.39
799.80
799.42
799.74
799.93
799.82
799.48
800.38
800.83
800.33
800.39
800.91
800.34
800.05
800.88
800.92
800.71
800.84
800.36
800.40
800.75
800.41
800.45
800.44
800.37
800.43
800.79
800.86
800.72
800.12
800.93
800.25
800.15
801.05
801.84
801.40
801.42
801.44
801.70
801.96
801.66
801.39
801.77
801.97
801.92
802.05
802.39
802.60
802.89
802.37
802.45
802.41
802.38
802.71
802.40
802.91
802.48
802.49
802.43
803.84
803.79
803.87
803.39
803.40
803.06
803.41
803.15
803.88
803.38
803.45
803.23
804.27
804.35
804.85
804.38
804.37
804.41
804.87
804.91
804.42
804.40
804.43
804.72
804.39
804.93
804.88
804.75
804.90
804.69
804.36
804.89
804.95
804.92
804.26
804.25
804.23
805.38
805.08
805.42
805.36
805.90
805.92
805.41
805.45
805.39
805.50
805.70
805.43
805.37
805.93
805.83
805.16
805.49
806.60
806.37
806.41
806.72
806.90
806.40
806.44
806.45
806.91
806.68
806.75
806.16
807.05
807.14
807.41
807.43
807.90
807.37
807.06
807.38
807.39
807.42
807.95
807.44
807.94
807.46
807.08
808.38
808.89
808.85
808.37
808.86
808.39
808.40
808.42
808.09
808.92
808.94
808.93
808.74
808.10
808.43
808.41
808.88
808.46
809.07
809.84
809.05
809.41
809.92
809.89
809.37
809.45
809.93
809.90
809.11
809.71
809.40
809.78
809.88
809.94
809.91
809.24
810.31
810.89
810.09
810.95
810.36
810.18
810.38
810.92
810.41
810.84
810.99
810.44
810.43
810.10
811.10
811.35
811.33
811.42
811.08
811.38
811.39
811.93
811.92
811.43
811.12
811.40
811.73
811.46
811.71
811.90
811.84
811.44
811.09
811.49
812.83
812.35
812.10
812.37
812.45
812.44
812.08
812.41
812.88
812.95
812.87
812.38
812.94
812.99
812.90
812.91
812.01
813.33
813.38
813.04
813.88
813.75
813.41
813.42
813.39
813.73
813.40
813.09
813.96
813.50
813.64
814.60
814.35
814.39
814.41
814.67
814.43
814.94
814.42
814.92
814.40
814.46
814.49
815.92
815.40
815.41
815.42
815.33
815.75
815.46
815.38
815.07
815.11
815.91
815.43
815.99
815.16
815.47
815.26
815.01
816.89
816.91
816.39
816.09
816.90
816.92
816.97
816.07
816.42
816.46
816.45
816.95
816.41
816.96
816.44
816.85
817.90
817.75
817.45
817.39
817.03
817.05
817.94
817.44
817.42
817.11
817.40
817.41
817.88
817.79
817.43
817.93
817.96
818.73
818.39
818.38
818.09
818.42
818.93
818.40
818.43
818.44
818.90
818.94
818.08
818.50
818.47
818.11
818.91
818.46
818.00
819.32
819.89
819.45
819.41
819.76
819.88
819.74
819.93
819.43
819.39
819.37
819.42
819.87
819.08
819.92
819.94
819.00
819.95
819.47
819.40
819.96
819.51
820.88
820.38
820.39
820.73
820.12
820.42
820.48
820.93
820.37
820.99
820.07
820.43
820.41
820.40
820.46
820.36
820.17
820.25
820.50
820.01
821.87
821.40
821.41
821.86
821.42
821.45
821.44
821.39
821.49
821.47
821.67
821.43
821.36
822.80
822.15
822.40
822.94
822.95
822.41
822.38
822.43
822.48
822.42
822.93
822.07
822.44
822.83
822.01
823.42
823.92
823.86
823.35
823.40
823.76
823.05
823.93
823.87
823.43
823.98
824.33
824.71
824.12
824.87
824.36
824.88
824.37
824.69
824.89
824.91
824.18
824.42
824.44
824.93
824.92
824.86
824.94
824.16
824.74
824.09
824.43
824.46
824.48
824.45
824.50
825.00
825.34
825.86
825.90
825.92
825.37
825.39
825.95
825.40
825.46
825.96
825.43
825.91
825.47
825.41
825.42
825.18
825.44
825.01
825.81
826.55
826.88
826.87
826.39
826.41
826.17
826.42
826.94
826.43
826.40
826.78
826.10
826.44
826.45
826.46
826.27
827.29
827.86
827.61
827.43
827.47
827.75
827.42
827.97
827.18
827.08
827.95
827.44
827.79
827.49
828.95
828.71
828.42
828.76
828.92
828.36
828.97
828.93
828.94
828.43
828.75
828.81
828.80
828.73
828.89
828.91
828.10
828.51
828.52
829.35
829.42
829.40
829.44
829.47
829.43
829.41
829.89
829.46
829.75
829.15
829.92
829.45
829.08
829.26
830.37
830.09
830.88
830.38
830.42
830.90
830.11
830.02
830.08
830.39
830.45
830.48
830.41
830.44
830.98
831.41
831.37
831.07
831.91
831.35
831.90
831.42
831.44
831.76
831.94
831.93
831.68
831.96
831.80
831.43
831.25
832.44
832.91
832.39
832.42
832.90
832.08
832.64
832.80
832.81
832.43
832.45
832.48
832.41
833.11
833.84
833.41
833.45
833.43
833.17
833.44
833.38
833.37
833.09
833.07
833.94
833.76
833.01
833.93
833.51
834.88
834.76
834.09
834.43
834.90
834.41
834.87
834.42
834.16
834.35
834.40
834.74
834.80
834.79
835.70
835.38
835.82
835.92
835.40
835.15
835.89
835.39
835.45
835.41
835.94
835.42
835.06
835.46
835.67
835.21
835.44
835.48
835.51
835.18
835.32
836.04
836.92
836.85
836.73
836.38
836.42
836.41
836.07
836.06
836.91
836.93
836.44
836.94
836.13
836.49
836.09
836.45
837.41
837.44
837.90
837.40
837.46
837.45
837.27
838.33
838.62
838.94
838.91
838.14
838.39
838.42
838.93
838.76
838.96
838.44
838.40
838.46
838.87
838.37
838.90
839.37
839.74
839.48
839.88
839.41
839.42
839.43
839.44
839.12
839.40
839.80
839.91
839.46
839.50
839.51
839.45
840.94
840.41
840.42
840.39
840.43
840.40
840.12
840.99
840.98
840.77
840.92
840.75
840.54
840.89
840.52
840.51
841.84
841.38
841.36
841.39
841.10
841.42
841.98
841.91
841.41
841.43
841.48
841.49
841.79
841.52
841.53
842.06
842.89
842.43
842.46
842.90
842.91
842.47
842.44
842.40
842.48
842.96
842.03
842.51
842.50
842.84
843.00
843.91
843.38
843.43
843.77
843.90
843.83
843.98
843.96
843.76
843.12
843.85
844.90
844.04
844.94
844.40
844.44
844.89
844.43
844.38
844.47
844.20
844.45
844.98
844.49
844.14
844.95
844.48
844.97
844.08
844.92
844.41
844.70
845.37
845.91
845.42
845.80
845.44
845.11
845.40
845.92
845.20
845.49
845.81
845.79
845.97
846.41
846.89
846.42
846.44
846.37
846.92
846.40
846.78
846.99
846.93
846.43
846.74
846.50
846.94
846.51
847.85
847.40
847.92
847.86
847.42
847.88
847.38
847.45
847.90
847.91
847.48
847.89
847.95
847.17
847.41
847.44
847.01
847.13
848.91
848.92
848.38
848.42
848.93
848.41
848.99
848.39
848.95
848.97
848.87
848.01
848.09
848.90
848.28
849.38
849.36
849.42
849.94
849.44
849.41
850.00
849.47
849.43
849.33
849.12
849.52
849.31
850.90
850.94
850.64
850.39
850.97
850.40
850.93
850.46
850.41
850.48
850.45
850.96
850.11
850.77
850.25
851.37
851.44
851.41
851.95
851.43
851.87
851.42
851.15
851.45
851.76
851.12
851.89
851.86
851.39
851.47
851.92
851.51
852.90
852.86
852.41
852.43
852.46
852.42
852.87
852.45
852.89
852.95
852.49
852.80
853.82
853.91
853.92
853.35
853.36
853.39
853.87
853.38
853.45
853.42
853.93
853.46
853.74
853.94
853.76
853.44
854.70
854.66
854.99
854.92
854.39
854.45
854.38
854.41
854.93
854.49
854.46
854.06
854.40
854.11
854.95
854.25
854.59
854.58
855.41
855.40
855.78
855.39
855.42
855.82
855.43
855.89
855.44
855.94
855.47
855.97
855.45
855.52
855.51
855.59
855.24
855.66
856.93
856.90
856.92
856.70
856.94
856.42
856.96
856.39
856.66
856.38
856.41
856.44
856.80
856.89
856.95
856.45
857.38
857.61
857.08
857.09
857.89
857.95
857.97
857.42
857.94
857.99
857.39
857.91
857.40
857.47
857.92
857.55
857.77
858.41
858.40
858.91
858.42
858.92
858.94
858.46
858.38
858.81
858.45
858.99
858.02
858.16
859.42
859.89
859.71
859.43
859.05
859.41
859.72
859.87
859.45
859.06
859.91
859.46
859.50
859.00
859.49
859.53
859.79
859.54
860.86
860.33
860.85
860.38
860.73
860.05
860.44
860.96
860.88
860.40
860.90
860.49
860.95
860.46
860.98
860.92
860.93
860.94
860.47
860.45
860.48
861.83
861.86
861.42
861.43
861.36
861.78
861.95
861.93
861.90
861.47
861.44
861.45
861.91
861.94
862.41
862.88
862.40
862.14
862.44
862.20
862.38
862.12
862.99
862.79
862.98
862.49
862.50
862.03
862.66
863.13
863.89
863.93
863.91
863.04
863.39
863.96
863.43
863.92
863.45
863.24
863.90
863.47
863.52
863.54
864.39
864.14
864.38
864.45
864.40
864.41
864.48
864.78
864.46
864.43
864.95
864.44
864.98
864.97
864.04
864.77
865.46
865.42
865.43
865.14
865.44
865.91
865.40
865.96
865.47
865.41
865.45
865.48
866.34
866.95
866.44
866.91
866.09
866.03
866.46
866.00
866.80
866.98
866.45
866.99
867.86
867.37
867.42
867.91
867.38
867.95
867.41
867.92
867.93
867.46
867.48
867.45
867.50
867.43
868.89
868.33
868.88
868.39
868.97
868.44
868.68
868.48
868.45
868.09
868.46
868.94
868.52
868.53
869.07
869.91
869.89
869.88
869.43
869.41
869.94
869.45
869.97
869.49
869.42
869.44
869.53
870.39
870.43
870.05
870.44
870.49
870.77
870.14
870.92
870.96
871.00
870.80
870.54
871.39
871.13
871.45
871.40
871.49
871.44
871.47
871.37
871.92
871.90
872.01
872.92
872.43
872.40
872.97
872.98
872.47
872.91
872.93
872.95
872.49
872.50
872.46
872.94
872.54
872.88
873.40
873.37
873.45
873.97
873.43
873.92
873.00
873.05
873.46
873.47
873.44
874.83
874.89
874.44
874.78
874.49
874.47
874.10
874.45
874.92
874.81
874.94
874.50
875.89
875.44
875.90
875.43
875.41
875.46
875.76
875.45
875.95
875.88
875.94
875.47
875.49
875.80
875.01
876.36
876.90
876.43
876.42
876.94
876.95
876.49
876.50
876.02
876.98
876.46
876.45
876.99
876.82
876.48
876.44
876.51
876.04
876.33
877.43
877.80
877.46
877.97
877.50
877.42
877.91
877.45
877.67
877.04
877.03
877.54
878.85
878.94
878.90
878.42
878.95
878.46
878.44
878.43
878.97
878.38
878.96
878.98
878.71
878.04
879.39
879.45
879.91
879.43
879.44
879.94
879.95
879.96
879.46
879.92
879.78
880.95
880.73
880.66
880.10
880.88
880.47
880.44
880.94
880.91
880.43
880.93
880.46
880.41
880.51
880.55
881.39
881.44
881.43
881.42
881.89
881.99
881.97
881.95
881.91
881.40
881.80
881.79
881.04
881.49
881.81
881.55
881.30
882.44
882.93
882.41
882.51
882.97
882.91
882.95
882.45
882.48
882.50
883.42
883.80
883.87
883.12
883.92
883.46
883.93
883.43
883.47
883.45
883.95
883.52
884.44
884.45
884.39
884.43
884.89
884.99
884.41
884.92
884.97
884.47
884.50
885.38
885.88
885.95
885.42
885.89
885.33
885.41
885.97
885.71
885.91
885.04
885.78
885.93
885.53
885.48
885.01
885.44
885.02
885.50
886.85
886.68
886.94
886.45
886.36
886.95
886.98
886.96
886.48
886.49
886.44
886.16
886.50
886.54
887.37
887.90
887.40
887.42
887.45
887.79
887.46
887.43
887.98
887.51
887.99
888.39
888.42
888.92
888.41
888.90
888.97
888.47
888.20
888.43
888.76
888.46
888.99
888.48
888.49
888.78
889.94
889.97
889.43
889.39
889.46
889.48
889.90
889.45
889.98
889.47
889.53
889.04
890.50
890.92
890.95
890.45
890.47
890.44
890.46
890.98
890.78
890.87
890.43
890.40
890.94
890.93
890.80
891.00
890.04
890.54
890.53
891.36
891.46
891.80
891.13
891.44
891.41
891.38
891.99
891.15
891.54
892.91
892.10
892.48
892.45
892.49
893.00
892.94
892.93
892.52
892.16
892.47
892.44
892.31
893.38
893.42
893.37
893.46
893.95
893.45
893.12
893.98
893.47
893.52
894.96
894.95
894.93
894.43
894.47
894.46
894.37
894.99
894.52
894.38
894.89
895.69
895.87
895.92
895.76
895.49
895.44
895.94
895.42
895.47
895.43
895.96
895.51
895.99
895.81
895.46
896.82
896.41
896.42
896.75
896.93
896.94
896.97
896.43
896.91
896.44
896.81
896.48
896.80
896.47
896.15
896.46
897.68
897.37
897.43
897.92
897.46
897.12
897.96
897.42
897.90
897.81
897.50
897.14
898.10
898.44
898.47
898.98
898.95
898.46
898.88
898.43
899.00
898.42
898.48
898.97
898.70
898.40
899.41
899.43
899.40
899.92
899.47
899.94
899.93
899.44
899.42
899.48
899.81
899.13
899.12
899.08
899.52
899.96
899.45
899.89
899.53
899.54
900.42
900.97
900.96
900.68
900.12
900.45
900.98
900.99
900.47
900.00
900.51
901.40
901.97
901.96
901.98
901.46
901.92
901.39
901.45
902.00
901.99
901.43
901.54
902.40
902.46
902.47
902.95
902.45
902.91
902.49
902.18
902.50
902.04
903.87
903.93
903.38
903.88
903.47
903.46
903.75
903.94
903.43
903.16
903.99
903.56
904.43
904.42
904.46
904.96
904.45
904.92
904.50
904.51
904.49
904.07
904.44
904.47
905.81
905.39
905.49
905.14
905.38
905.43
905.13
905.48
905.46
906.43
906.09
906.07
906.89
906.96
906.48
906.14
906.44
906.15
906.49
906.99
906.42
907.36
907.48
907.46
907.78
907.42
907.98
907.93
907.50
907.45
907.99
907.47
907.49
908.36
908.62
908.95
908.48
908.42
908.44
909.00
908.97
908.03
908.94
908.46
908.99
908.45
908.92
908.13
908.01
908.47
909.39
909.45
909.77
909.92
909.79
909.47
909.95
909.48
909.46
909.15
909.99
909.01
910.69
910.45
911.00
910.48
910.42
910.93
910.96
910.01
910.41
910.98
910.11
910.47
910.92
910.54
911.38
911.88
911.46
911.41
911.92
911.43
911.45
911.39
911.81
911.48
911.40
911.02
911.13
911.50
912.43
912.06
912.45
912.44
912.22
912.95
913.00
912.99
912.49
912.83
912.92
912.97
912.55
913.39
913.94
913.46
913.99
913.82
913.48
913.70
913.08
913.57
913.41
914.87
914.37
914.44
914.42
914.75
914.93
914.43
914.45
914.36
914.98
914.47
914.99
914.13
914.52
914.82
914.32
915.14
915.90
915.45
915.98
915.39
915.46
915.77
915.94
915.78
915.47
915.49
916.89
916.93
916.47
916.49
916.41
916.96
916.46
916.57
917.35
917.85
917.73
917.39
917.48
917.49
917.96
917.99
917.12
917.47
917.97
917.52
918.39
918.38
918.44
918.94
918.48
918.97
918.45
918.41
918.50
918.01
918.49
918.43
918.47
918.53
919.39
919.89
919.38
919.49
919.98
919.46
919.80
919.48
919.43
919.44
919.21
919.45
919.47
920.09
920.46
920.44
920.00
920.47
920.15
920.45
920.51
920.50
920.98
920.48
921.89
921.96
921.92
921.43
921.47
921.44
921.90
921.48
921.46
921.40
921.49
921.54
921.01
921.53
921.06
921.57
922.91
922.01
922.68
922.93
922.97
922.50
922.53
922.98
922.17
922.51
923.48
923.94
923.95
923.45
923.49
923.46
923.98
923.93
923.47
923.50
924.40
924.45
924.96
924.50
924.48
924.02
924.97
924.53
925.91
925.96
925.93
925.90
925.44
925.46
925.95
925.47
925.17
925.00
925.75
925.16
925.42
925.92
925.41
925.49
925.43
925.33
926.41
926.93
926.14
926.96
926.45
926.98
926.80
926.48
926.46
926.01
926.42
926.51
926.97
927.98
927.95
927.49
927.53
927.94
927.51
927.92
927.99
928.93
928.89
928.41
928.91
928.96
928.46
928.47
928.45
928.53
928.77
928.51
928.48
929.50
929.47
929.43
929.48
929.96
929.52
929.73
929.00
930.34
930.49
930.92
930.43
930.95
930.01
931.42
931.91
931.89
931.97
931.98
931.39
931.48
931.16
931.76
931.99
931.47
931.45
932.35
932.34
932.98
932.47
932.02
932.45
932.99
932.48
932.49
933.50
933.96
933.48
933.49
933.94
934.50
934.89
934.38
934.95
934.40
934.98
934.03
934.17
934.93
934.97
934.18
934.51
934.57
934.56
935.97
935.92
935.44
935.91
935.47
935.79
935.96
935.43
935.98
935.50
935.52
936.00
935.06
936.79
936.48
936.43
936.45
936.42
936.47
936.03
936.83
936.34
937.97
937.48
937.96
937.83
937.09
937.00
937.47
938.96
938.39
938.45
938.95
938.40
938.44
938.48
938.50
938.46
938.47
938.51
938.43
938.54
938.66
939.70
939.87
939.40
939.90
939.08
939.42
939.04
939.39
939.47
939.45
939.00
939.96
939.17
939.53
939.46
940.79
940.02
940.43
940.96
940.52
940.03
940.45
940.49
940.48
940.19
941.38
941.95
941.99
941.93
941.47
941.50
941.15
942.78
942.94
942.50
942.01
943.47
943.75
943.45
943.09
943.46
943.98
943.79
943.52
943.97
943.96
943.53
943.57
944.48
944.51
944.47
944.97
944.98
944.53
944.52
944.54
945.45
945.01
945.94
945.50
945.52
945.04
945.43
945.93
945.42
945.15
945.96
945.54
946.43
946.98
946.48
946.97
946.95
946.89
946.56
947.95
947.47
947.49
947.45
947.52
947.81
947.80
947.94
947.50
947.48
947.99
947.34
948.15
948.77
948.48
948.07
948.08
948.22
948.04
948.47
948.41
948.02
948.96
948.51
948.03
948.50
948.54
948.44
949.44
949.39
949.50
949.46
949.02
949.99
949.90
949.24
949.83
949.80
949.01
949.48
949.97
950.44
950.93
950.43
950.74
950.54
950.95
950.48
950.04
951.95
951.41
951.94
951.02
951.97
951.19
951.51
951.52
951.49
951.47
952.92
952.38
952.48
952.41
953.00
952.75
952.50
952.52
952.85
953.40
953.45
953.46
953.91
953.48
953.50
954.02
954.52
954.96
954.44
954.95
954.43
954.98
954.97
954.11
954.01
954.54
955.44
955.02
955.93
955.24
955.46
955.99
955.53
955.20
955.47
955.72
955.52
956.99
956.46
956.47
956.91
956.49
956.38
956.48
956.45
956.00
956.55
956.98
956.04
956.50
956.56
956.58
957.43
957.50
957.00
957.53
957.44
957.46
957.47
957.97
958.00
957.52
957.95
957.03
958.41
958.73
958.95
958.47
958.53
958.96
958.60
959.88
959.85
959.94
959.92
959.48
959.45
959.01
959.04
959.46
959.49
959.52
959.97
959.22
959.56
959.79
960.91
960.44
960.00
960.50
960.02
960.95
961.96
961.89
961.95
961.50
961.46
961.87
961.01
961.48
961.05
962.01
962.47
962.95
962.46
962.52
962.50
962.93
962.85
962.05
963.38
963.44
963.43
963.48
963.73
963.03
963.45
963.96
963.50
963.51
963.04
964.81
964.85
964.46
964.89
964.47
964.84
964.54
964.97
964.14
964.19
965.95
965.99
965.94
965.46
965.45
965.86
965.50
965.51
965.47
965.54
965.01
966.68
966.97
966.41
966.49
966.55
966.95
966.76
966.59
966.54
966.09
966.51
966.99
966.77
967.87
967.96
967.49
967.45
967.97
967.46
967.03
967.02
967.00
967.01
968.91
968.77
968.05
968.46
968.53
968.50
968.45
968.43
968.44
968.78
968.99
969.40
969.46
969.74
969.54
969.50
969.06
969.49
969.96
969.53
969.83
969.47
969.85
970.46
970.90
970.93
970.48
970.81
970.01
970.55
970.49
970.99
970.91
970.50
971.47
971.49
971.04
971.50
971.01
972.42
972.00
972.48
972.93
972.49
972.02
972.98
972.54
972.51
973.44
973.89
973.12
973.43
973.45
973.50
973.52
973.22
973.84
973.96
974.48
974.45
974.43
974.51
974.17
974.49
974.96
974.59
975.37
975.38
975.96
975.98
975.50
975.97
975.01
975.99
975.49
976.00
975.55
976.94
977.00
976.98
976.47
976.49
976.55
976.99
976.03
976.51
976.57
977.97
977.44
977.03
977.47
977.50
977.10
977.13
977.55
977.22
977.42
977.24
978.47
978.04
978.48
978.46
978.50
978.49
978.88
978.00
978.54
979.99
979.72
979.02
979.98
979.54
979.04
980.39
980.16
980.46
980.49
980.51
980.50
980.47
980.55
981.00
980.61
981.78
981.44
981.49
981.07
981.93
981.25
982.11
982.45
982.21
982.47
982.49
982.52
982.51
982.98
983.48
983.97
983.02
983.03
984.49
984.46
984.51
984.92
984.01
984.23
984.02
984.48
984.83
984.55
985.96
985.42
985.85
985.44
985.54
985.86
985.25
986.75
986.44
986.49
986.51
986.13
986.55
986.50
986.56
986.52
987.01
987.84
987.96
987.46
987.53
987.04
987.18
987.22
987.47
987.52
988.82
988.98
988.93
988.50
988.51
988.86
988.53
988.07
988.05
989.97
989.48
989.73
989.52
989.03
990.98
991.00
990.68
990.43
990.49
990.01
991.39
991.97
991.44
991.51
991.50
991.80
991.55
991.89
991.94
991.92
992.50
992.48
992.12
992.94
992.46
992.45
992.07
992.99
992.84
992.52
992.58
992.18
992.00
993.00
992.89
992.20
993.43
993.92
993.45
993.19
993.47
993.39
993.06
993.53
993.57
994.43
994.02
994.47
994.51
994.49
994.88
994.11
995.02
995.94
995.49
995.97
995.92
996.51
996.52
996.47
996.99
997.02
997.01
997.92
997.11
997.49
997.05
997.52
997.91
998.96
998.47
998.49
998.18
998.48
998.53
998.02
998.04
998.29
999.05
999.99
999.92
999.50
999.01
999.51
1000.80
1000.98
1000.04
1000.49
1000.00
1000.88
1000.07
1000.48
1001.96
1001.97
1001.52
1001.99
1001.49
1001.51
1001.53
1001.75
1001.82
1002.33
1002.94
1002.50
1002.98
1002.44
1002.53
1002.52
1002.56
1002.55
1002.79
1002.29
1003.47
1003.52
1003.45
1003.48
1003.51
1003.07
1003.50
1003.61
1003.76
1004.46
1004.48
1004.47
1004.49
1004.02
1004.99
1004.58
1004.57
1004.00
1004.52
1005.89
1005.10
1005.45
1005.92
1005.46
1005.95
1005.52
1005.54
1005.04
1006.52
1006.45
1006.03
1006.94
1006.48
1007.46
1007.53
1007.03
1007.95
1007.58
1008.94
1008.47
1008.50
1008.03
1008.01
1008.54
1008.51
1008.06
1008.48
1009.76
1009.98
1010.00
1009.47
1009.24
1009.07
1009.99
1009.52
1009.49
1009.87
1009.11
1010.97
1010.44
1010.49
1010.51
1010.56
1010.93
1010.18
1010.02
1010.03
1010.50
1010.52
1011.44
1011.50
1011.01
1011.87
1011.46
1011.48
1011.52
1011.02
1011.57
1012.96
1012.57
1012.52
1012.00
1012.50
1012.05
1012.43
1012.18
1012.48
1012.85
1012.77
1013.08
1013.81
1013.92
1013.55
1013.05
1013.47
1013.54
1013.04
1013.21
1014.46
1014.73
1014.51
1014.54
1014.77
1014.23
1014.85
1014.98
1014.07
1014.06
1014.97
1015.91
1015.53
1015.43
1015.52
1016.99
1016.49
1016.90
1016.39
1016.98
1016.50
1016.03
1016.60
1016.53
1016.02
1016.51
1017.53
1017.46
1017.95
1017.47
1017.52
1017.02
1017.96
1017.49
1017.51
1017.22
1018.83
1018.48
1018.49
1018.52
1018.07
1019.48
1019.52
1019.45
1019.51
1019.27
1019.90
1019.02
1020.03
1020.13
1020.53
1020.99
1020.21
1021.01
1021.57
1021.51
1021.47
1021.21
1021.79
1022.94
1022.51
1022.18
1022.49
1022.02
1022.37
1022.76
1023.97
1023.99
1023.54
1023.57
1023.51
1023.50
1024.97
1024.51
1024.50
1024.57
1024.49
1024.03
1024.54
1024.02
1024.86
1024.92
1024.53
1025.47
1025.52
1025.56
1025.02
1025.87
1025.54
1025.51
1026.50
1026.05
1026.39
1026.56
1026.47
1026.01
1026.54
1026.51
1026.52
1026.26
1027.94
1027.49
1027.08
1027.02
1027.59
1027.51
1027.19
1027.56
1027.01
1027.47
1028.49
1028.56
1028.57
1029.77
1029.97
1029.06
1030.17
1030.54
1030.53
1030.03
1030.25
1031.00
1031.49
1031.46
1031.51
1031.53
1031.54
1031.11
1031.62
1032.40
1032.03
1032.00
1032.01
1032.02
1032.51
1032.52
1032.04
1033.90
1033.51
1033.46
1033.02
1033.52
1034.53
1034.47
1034.50
1034.51
1035.98
1035.49
1035.97
1035.44
1035.56
1035.58
1036.00
1036.80
1036.48
1036.47
1036.44
1036.58
1036.54
1036.03
1037.47
1037.48
1037.49
1037.08
1037.04
1038.98
1038.56
1038.14
1039.99
1039.76
1039.50
1039.48
1039.60
1039.55
1040.97
1040.01
1040.02
1040.57
1040.50
1040.54
1041.49
1041.47
1041.51
1041.02
1041.99
1041.54
1041.59
1041.27
1042.94
1042.62
1042.54
1043.53
1043.44
1043.99
1043.51
1043.57
1043.08
1043.03
1044.54
1044.18
1044.07
1044.23
1044.96
1045.51
1045.57
1045.01
1045.50
1046.57
1046.52
1046.03
1046.02
1046.87
1047.02
1047.54
1047.52
1047.53
1047.03
1048.02
1048.52
1049.80
1049.55
1049.51
1049.00
1049.03
1050.50
1050.04
1050.47
1050.54
1050.62
1050.06
1050.52
1050.51
1051.43
1051.47
1051.07
1051.99
1051.70
1051.01
1052.55
1053.55
1053.44
1053.53
1053.76
1053.99
1054.02
1054.54
1054.56
1054.42
1055.92
1055.49
1055.01
1055.54
1055.59
1056.02
1056.00
1056.76
1056.50
1056.04
1056.03
1056.60
1056.54
1057.53
1057.50
1057.52
1057.00
1057.89
1058.50
1058.52
1058.56
1058.87
1059.49
1059.55
1059.60
1059.52
1059.02
1059.03
1060.93
1061.00
1060.51
1060.92
1061.79
1061.51
1061.02
1061.52
1061.56
1061.26
1062.51
1062.01
1062.54
1062.53
1062.94
1062.50
1063.54
1063.56
1063.55
1063.07
1064.51
1064.54
1064.56
1064.07
1065.04
1065.10
1065.51
1066.11
1066.02
1066.98
1066.47
1066.57
1066.54
1066.59
1066.60
1067.52
1067.58
1067.07
1069.38
1069.42
1069.47
1069.46
1069.53
1069.98
1069.52
1069.57
1069.54
1070.94
1070.98
1070.88
1070.03
1070.02
1071.01
1071.00
1071.52
1071.99
1071.43
1071.58
1071.93
1071.45
1072.93
1072.01
1072.58
1072.59
1072.07
1072.56
1072.08
1073.03
1073.02
1073.04
1073.07
1074.55
1074.02
1074.56
1074.49
1074.58
1075.12
1075.56
1076.41
1076.26
1076.54
1077.81
1077.47
1077.06
1077.98
1077.55
1077.56
1077.60
1077.57
1078.46
1078.45
1078.96
1078.90
1078.43
1079.53
1079.06
1079.43
1079.59
1080.50
1081.17
1081.08
1081.54
1081.57
1082.46
1082.02
1082.55
1082.06
1082.53
1083.52
1083.46
1083.05
1084.05
1084.50
1084.60
1085.05
1085.07
1085.88
1086.54
1086.57
1086.60
1087.97
1087.04
1087.06
1087.57
1087.75
1087.77
1088.99
1088.07
1088.97
1088.58
1088.42
1088.24
1089.05
1089.10
1089.61
1090.05
1090.99
1090.54
1090.55
1091.00
1091.11
1091.97
1091.47
1091.45
1091.05
1092.00
1092.02
1092.53
1093.59
1093.54
1093.07
1094.05
1094.66
1095.02
1095.06
1095.98
1095.49
1095.60
1095.55
1095.16
1096.59
1096.58
1096.02
1097.07
1098.54
1099.06
1099.97
1099.91
1099.49
1100.89
1100.61
1100.53
1101.04
1101.08
1101.84
1101.58
1101.07
1102.51
1102.58
1102.53
1103.52
1103.59
1103.20
1104.49
1104.63
1104.92
1104.74
1105.99
1105.22
1105.56
1106.51
1106.08
1107.42
1107.61
1107.52
1107.56
1107.54
1108.14
1108.55
1108.05
1108.59
1108.65
1109.50
1109.56
1109.52
1109.53
1110.56
1110.51
1111.65
1111.55
1111.08
1111.61
1112.06
1112.08
1112.62
1113.55
1113.67
1113.77
1114.95
1114.50
1114.07
1114.10
1114.43
1115.50
1115.03
1115.06
1115.60
1115.56
1116.55
1116.06
1116.56
1116.79
1119.00
1118.51
1118.10
1119.04
1119.84
1119.05
1119.67
1120.05
1120.81
1121.95
1122.03
1122.96
1122.78
1122.54
1123.54
1123.57
1123.11
1124.53
1125.52
1125.89
1125.62
1126.56
1126.58
1126.06
1127.96
1127.11
1128.52
1128.45
1128.08
1128.11
1129.15
1130.60
1131.55
1131.10
1132.84
1132.59
1133.94
1134.53
1134.09
1135.05
1135.06
1135.57
1135.19
1136.54
1136.45
1137.11
1138.57
1139.05
1140.56
1140.09
1140.95
1141.20
1142.07
1142.61
1143.58
1143.55
1143.56
1143.12
1144.13
1147.08
1148.59
1148.57
1149.09
1150.11
1151.56
1151.49
1151.04
1151.63
1152.33
1152.07
1153.18
1154.07
1154.59
1154.57
1154.13
1155.03
1156.11
1157.29
1158.53
1160.04
1160.17
1161.58
1161.60
1162.63
1162.43
1162.73
1163.16
1163.91
1163.54
1163.70
1164.36
1164.52
1164.04
1165.51
1165.50
1166.62
1167.01
1167.06
1167.49
1168.42
1169.18
1169.10
1169.89
1170.57
1170.50
1170.12
1170.56
1171.09
1172.00
1172.48
1172.06
1172.50
1173.82
1173.50
1174.54
1175.56
1175.12
1176.08
1176.48
1178.57
1178.66
1179.08
1182.82
1182.14
1183.12
1183.42
1185.59
1186.08
1187.08
1187.53
1188.04
1189.60
1189.54
1190.08
1190.23
1192.48
1192.58
1193.56
1195.48
1195.56
1195.09
1195.58
1195.12
1196.08
1196.33
1198.06
1199.07
1199.01
1200.68
1201.58
1202.65
1205.09
1206.71
1207.63
1207.66
1208.55
1208.04
1208.48
1209.57
1209.90
1210.35
1211.65
1211.06
1212.60
1212.32
1213.07
1213.16
1214.06
1214.02
1214.15
1214.33
1214.76
1215.03
1215.21
1215.01
1216.49
1216.85
1220.87
1220.60
1222.52
1222.66
1224.57
1224.95
1224.34
1224.62
1225.67
1225.34
1225.66
1226.57
1226.67
1227.27
1228.48
1228.88
1229.06
1230.10
1231.02
1234.07
1238.64
1238.53
1239.02
1240.62
1242.64
1243.06
1243.11
1244.53
1244.62
1244.68
1246.01
1246.15
1249.13
1250.11
1251.02
1251.60
1251.70
1257.12
1257.09
1261.71
1263.63
1264.18
1265.65
1265.14
1267.65
1268.61
1268.18
1270.43
1271.91
1273.17
1275.21
1278.05
1279.04
1282.66
1285.04
1288.56
1289.52
1289.07
1289.17
1296.66
1296.67
1300.57
1302.21
1302.32
1309.57
1314.89
1315.90
1317.07
1318.06
1322.19
1326.62
1328.17
1328.55
1331.19
1336.15
1339.69
1339.62
1341.05
1345.20
1345.08
1350.08
1351.58
1355.10
1361.59
1369.12
1373.15
1377.87
1406.59
1406.91
1412.20
1427.57
1464.28
1464.99
1469.07
1478.26
1487.34
1488.05
1489.59
1532.76
1565.76
1633.26
1691.15
1733.17
