350.22
350.19
350.72
350.97
351.83
351.17
351.25
351.22
351.68
352.53
352.71
352.19
353.22
357.71
357.47
358.70
358.82
358.22
358.89
359.53
359.22
359.71
360.20
360.55
360.24
360.19
361.72
361.56
361.24
361.19
361.20
361.21
361.80
361.73
361.98
362.86
362.87
362.23
362.18
362.22
362.64
363.19
363.67
363.87
363.17
363.71
363.20
363.21
363.30
364.20
364.73
364.22
364.53
364.87
364.69
364.21
364.57
365.19
365.95
365.70
365.17
365.88
365.21
365.25
365.72
365.52
365.82
366.46
366.52
366.25
366.55
366.19
366.17
367.67
367.54
367.44
367.17
367.91
367.23
367.70
367.22
367.89
368.90
368.51
368.74
368.22
368.19
368.72
368.71
368.68
368.48
368.73
370.19
371.24
372.86
372.19
372.21
372.22
372.23
373.23
373.73
373.21
374.55
374.20
374.75
374.21
374.68
374.74
374.73
374.71
374.24
375.58
375.53
375.22
375.55
375.88
375.75
375.73
375.71
375.54
375.23
376.22
376.20
376.19
376.68
376.70
376.21
376.69
376.74
376.72
377.87
377.20
377.56
377.19
377.23
377.68
377.54
377.70
377.47
377.73
378.56
378.52
378.25
378.22
378.69
378.88
378.83
378.73
378.20
378.21
378.54
378.71
379.19
379.21
379.85
379.24
379.73
379.88
379.25
379.74
379.49
380.54
380.20
380.88
380.23
380.24
380.21
380.19
380.72
380.71
380.22
380.97
381.72
381.96
381.57
381.90
381.86
381.54
381.20
381.94
381.21
381.22
382.73
382.74
382.22
382.20
382.26
382.54
382.57
383.87
383.21
383.25
383.73
383.70
383.56
383.22
383.69
383.72
383.66
383.24
383.74
383.99
384.20
384.89
384.88
384.53
384.21
384.73
384.22
384.23
384.54
384.71
384.24
384.27
385.56
385.18
385.85
385.54
385.21
385.78
385.26
386.53
386.17
386.55
386.20
386.19
386.69
386.48
386.49
387.53
387.72
387.24
387.25
387.89
387.22
387.55
387.15
387.20
387.73
387.80
387.29
388.87
388.22
388.57
388.92
388.54
388.24
388.55
388.23
388.25
388.72
388.58
389.57
389.23
389.20
389.58
389.24
389.22
389.21
389.91
389.73
390.20
390.70
390.87
390.22
390.24
390.21
390.72
390.55
390.80
390.74
390.49
391.57
391.55
391.90
391.21
391.73
391.25
391.74
391.72
391.88
391.69
391.29
391.28
392.55
392.54
392.19
392.24
392.20
392.69
392.75
392.90
392.25
392.73
392.28
393.88
393.93
393.54
393.97
393.72
393.74
393.27
393.21
393.22
393.87
393.23
393.19
393.75
393.69
393.89
393.24
393.71
393.26
394.45
394.72
394.21
394.97
394.74
394.23
394.25
394.90
394.85
394.26
394.75
395.87
395.90
395.18
395.22
395.20
395.24
395.23
395.53
395.73
395.71
395.92
395.72
395.21
395.00
395.75
396.75
396.91
396.23
396.30
396.55
396.54
396.89
396.73
396.98
396.72
396.90
396.24
396.80
397.93
397.54
397.23
397.88
397.26
397.21
397.58
397.57
397.55
397.74
397.22
397.24
398.67
398.24
398.20
398.55
398.76
398.23
398.71
398.22
398.90
399.94
399.58
399.88
399.53
399.56
399.21
399.20
399.26
399.74
399.24
399.76
400.54
400.25
400.44
400.88
400.72
400.75
400.19
400.91
400.26
400.21
400.22
400.24
400.73
400.89
400.23
400.57
400.77
401.70
401.92
401.54
401.23
401.21
401.24
401.67
401.22
401.16
401.74
401.58
401.19
401.50
401.75
402.97
402.55
402.22
402.75
402.21
402.47
402.76
402.25
402.23
402.73
402.24
402.26
402.92
403.56
403.89
403.24
403.55
403.69
403.74
403.91
403.21
403.23
403.70
403.57
403.22
403.83
403.47
404.15
404.27
404.22
404.23
404.73
404.71
404.98
404.21
404.24
404.74
404.80
404.17
405.84
405.21
405.20
405.73
405.44
405.89
405.22
405.23
405.25
405.31
405.27
405.81
405.70
405.29
405.76
406.25
406.96
406.55
406.23
406.21
406.22
406.20
406.89
406.57
406.26
406.78
406.56
406.70
406.92
406.73
406.67
406.01
407.93
407.89
407.23
407.46
407.97
407.75
407.22
407.77
407.25
407.26
407.27
407.66
408.21
408.55
408.23
408.24
408.47
408.56
408.22
408.73
408.76
408.89
408.88
408.27
408.92
408.59
408.75
408.93
409.89
409.90
409.18
409.20
409.57
409.23
409.24
409.22
409.25
409.16
409.19
409.56
409.71
410.26
410.56
410.54
410.57
410.21
410.77
410.55
410.88
410.89
410.23
410.75
410.70
410.71
410.24
410.73
410.72
410.86
410.91
410.25
410.74
411.56
411.89
411.91
411.73
411.23
411.70
411.75
411.24
411.98
411.74
411.25
411.92
412.70
412.23
412.56
412.72
412.90
412.21
412.24
412.75
412.22
412.27
412.57
412.55
412.78
412.80
412.51
412.25
412.76
413.57
413.89
413.20
413.22
413.45
413.69
413.24
413.96
413.97
413.55
413.72
413.29
414.92
414.23
414.55
414.68
414.70
414.26
414.88
414.75
414.76
414.28
415.69
415.23
415.26
415.04
415.22
415.24
415.95
415.87
415.21
415.58
415.76
415.89
415.28
415.47
415.73
415.25
415.74
415.57
415.75
415.71
415.65
415.81
416.55
416.24
416.88
416.72
416.23
416.74
416.22
416.27
417.21
417.89
417.98
417.90
417.70
417.25
417.46
417.75
417.74
417.24
417.19
417.55
417.48
417.93
417.91
417.76
417.23
417.22
417.28
417.14
418.56
418.22
418.23
418.54
418.21
418.71
418.47
418.90
418.73
418.20
418.57
418.34
418.24
418.69
418.31
419.27
419.20
419.57
419.54
419.22
419.58
419.72
419.89
419.90
419.24
419.59
419.99
419.25
419.19
419.23
419.76
419.74
419.26
420.22
420.71
420.86
420.95
420.55
420.91
420.70
420.19
420.24
420.77
420.57
420.78
420.73
420.88
420.48
421.95
421.92
421.56
421.74
421.24
421.89
421.71
421.91
421.57
421.26
421.22
421.25
421.21
421.76
421.77
421.58
421.75
421.78
422.56
422.23
422.21
422.96
422.76
422.25
422.27
422.77
422.26
422.75
423.57
423.22
423.91
423.46
423.19
423.89
423.25
423.92
423.74
423.21
423.26
423.23
423.24
423.70
423.76
423.55
423.72
423.27
423.60
423.51
424.23
424.56
424.71
424.72
424.91
424.74
424.57
424.92
424.58
424.22
424.26
424.24
424.25
424.73
424.77
424.89
424.31
425.20
425.57
425.25
425.98
425.75
425.54
425.22
425.24
425.76
425.23
425.21
425.92
425.90
425.74
425.99
425.69
425.26
425.27
426.60
426.73
426.96
426.74
426.22
426.23
426.21
426.49
426.25
426.72
426.71
426.27
426.59
428.23
428.26
429.09
430.74
430.71
431.21
431.72
431.77
431.22
431.57
431.60
431.93
432.61
432.09
432.55
432.73
432.23
432.50
432.75
432.76
432.71
432.26
432.22
432.91
432.00
432.51
432.27
432.60
432.82
433.72
433.19
433.89
433.22
433.26
433.88
433.46
433.57
433.56
433.96
433.24
433.76
434.00
433.23
433.75
433.25
433.73
434.77
434.20
434.86
434.73
434.55
434.25
434.87
434.59
434.58
434.26
434.19
434.52
435.97
435.56
435.23
435.26
435.24
435.91
435.25
435.89
435.57
435.54
435.74
435.20
435.73
435.21
435.76
435.59
435.27
435.77
435.78
436.24
436.88
436.90
436.97
436.73
436.26
436.55
436.27
436.75
436.23
436.25
436.69
436.59
436.56
436.94
436.77
436.78
436.20
437.27
437.22
437.97
437.24
437.55
437.25
437.57
437.77
437.23
437.95
438.57
438.23
438.87
438.91
438.46
438.77
438.25
438.90
438.24
438.69
438.99
438.72
438.75
438.74
438.00
438.59
438.76
438.78
438.61
439.99
439.89
439.88
439.56
439.72
439.76
439.73
439.71
439.74
439.21
439.75
439.58
439.22
439.28
439.19
439.03
440.47
440.20
440.23
440.97
440.75
440.24
440.25
440.58
440.72
440.73
440.29
440.74
440.22
440.78
440.77
440.91
440.32
441.22
441.23
441.57
441.24
441.91
441.73
441.71
441.54
441.74
441.90
441.26
441.88
441.27
441.76
441.28
441.29
441.25
441.31
441.51
441.89
441.69
441.33
442.88
442.73
442.90
442.76
442.72
442.29
442.71
442.23
442.74
442.59
442.28
442.24
442.60
442.81
443.59
443.58
444.27
444.22
445.25
445.76
445.27
446.23
447.00
447.25
447.23
447.24
447.55
447.77
447.56
447.21
447.54
447.76
447.72
447.73
447.26
447.74
447.22
448.92
448.76
448.75
448.21
448.71
448.25
448.50
448.72
448.78
448.27
448.73
448.24
448.22
448.91
448.58
448.12
449.25
449.71
449.47
449.72
449.74
449.89
449.24
449.88
449.49
449.26
449.91
449.77
449.28
449.78
449.13
449.23
449.34
450.47
450.73
450.90
450.48
450.72
450.58
450.59
450.22
450.21
450.56
450.74
450.25
450.30
450.23
450.76
450.75
450.27
450.28
451.28
451.89
451.57
451.90
451.92
451.78
451.72
451.25
452.00
451.23
451.26
451.00
451.74
451.27
451.24
451.95
451.68
452.98
452.47
452.72
452.59
452.22
452.25
452.58
452.56
452.23
452.92
452.89
452.93
452.76
452.91
452.24
452.90
452.26
452.66
452.30
452.95
452.28
452.19
453.23
453.98
453.57
453.21
453.25
453.72
453.99
453.24
453.22
453.58
453.51
453.59
453.75
453.91
453.28
453.93
453.26
453.76
453.92
453.34
453.33
454.87
454.72
454.47
454.46
454.00
454.26
454.25
454.92
454.90
454.29
454.31
454.89
454.57
454.23
454.74
454.24
454.75
454.93
454.71
454.76
454.73
454.28
454.84
455.23
455.24
455.21
455.25
455.90
455.91
455.22
455.76
455.26
455.72
455.57
455.75
455.74
455.93
455.27
455.58
455.28
455.94
455.95
456.29
456.92
456.56
456.59
456.24
456.26
456.73
456.28
456.27
456.71
456.00
456.77
456.78
456.76
456.25
457.62
457.28
457.24
457.90
457.26
457.55
457.58
457.53
457.89
457.56
457.25
457.57
457.79
457.77
457.21
457.74
457.60
457.31
457.23
457.34
457.29
458.20
458.58
458.91
458.24
458.76
458.28
458.26
458.23
458.92
458.21
458.69
458.70
458.25
458.30
458.78
458.59
458.27
458.57
458.79
458.62
459.72
459.24
459.59
459.26
459.50
459.91
459.56
459.75
459.57
459.27
459.76
459.25
459.28
459.94
459.84
460.26
460.47
460.97
460.74
460.91
460.71
460.56
460.24
460.92
460.25
460.75
460.27
460.50
460.76
460.80
460.94
460.96
460.59
461.25
461.57
461.60
461.47
461.24
461.92
461.72
461.58
461.26
461.98
461.28
461.79
461.75
461.77
461.76
461.86
461.34
462.65
462.99
462.48
462.15
462.29
462.59
462.23
462.72
462.58
462.74
462.90
462.94
462.73
462.95
462.47
462.57
462.78
462.27
462.24
462.35
462.31
462.84
463.22
463.57
463.89
463.25
463.72
463.75
463.77
463.26
463.79
463.74
463.24
463.91
463.90
463.27
463.29
463.28
463.35
464.56
464.21
464.76
464.25
464.97
464.99
464.78
464.54
464.60
464.74
464.22
464.58
464.89
464.72
464.28
464.75
464.90
464.03
464.30
464.34
464.82
465.26
465.56
465.01
465.57
465.90
465.53
465.92
465.77
465.75
465.27
465.76
465.70
465.74
465.59
465.25
465.78
465.23
465.24
465.60
465.80
465.54
466.92
466.97
466.25
466.23
466.57
466.22
466.27
466.19
466.74
466.93
466.79
466.24
466.49
466.51
466.75
467.23
467.91
467.58
467.74
467.26
467.24
467.92
467.94
467.25
467.98
467.70
467.72
467.95
467.28
467.52
467.79
467.30
467.61
467.62
467.54
467.63
468.47
468.26
468.49
468.22
468.57
468.92
468.90
468.55
468.74
468.25
468.58
468.59
468.23
468.73
468.89
468.27
468.60
468.30
468.29
468.28
468.76
468.63
468.35
468.84
469.25
469.59
469.92
469.26
469.89
469.76
469.24
469.77
469.90
469.27
469.73
469.58
469.62
469.23
469.19
469.79
469.78
469.34
469.55
470.49
470.25
470.57
470.24
470.60
470.23
470.90
470.93
470.76
470.22
470.75
470.73
470.98
470.91
470.27
470.30
470.78
470.26
470.28
470.96
470.62
471.57
471.63
471.92
471.26
471.61
471.75
471.73
471.25
471.76
471.87
471.94
471.27
471.77
471.60
471.01
471.28
471.62
471.93
471.24
471.02
471.03
471.29
472.26
472.89
472.49
472.23
472.59
472.58
472.22
472.27
472.92
472.21
472.50
472.24
472.77
472.78
472.28
472.76
472.25
472.29
473.99
473.26
473.88
473.47
473.23
473.92
473.77
473.74
473.73
473.90
473.57
473.22
473.28
473.75
473.25
473.76
473.01
473.30
473.29
473.63
473.17
473.34
474.58
474.59
474.57
474.24
474.89
474.28
474.78
474.99
474.56
474.27
474.26
474.93
474.29
474.31
474.79
474.85
474.30
474.36
475.24
475.74
475.25
475.56
475.89
475.55
475.57
475.23
475.28
475.22
475.77
475.75
475.94
475.60
475.27
475.58
475.29
475.52
475.01
476.27
476.74
476.25
476.90
476.72
476.76
476.86
476.02
476.26
476.92
476.60
476.28
476.94
476.50
476.56
476.59
476.58
476.70
476.21
476.77
476.24
476.52
476.62
476.30
476.63
476.29
476.85
477.74
477.20
477.75
477.26
477.47
477.22
477.91
477.24
477.72
477.25
477.77
477.31
477.51
477.28
477.94
477.63
477.96
477.81
478.48
478.23
478.28
478.27
478.76
478.92
478.79
478.93
478.95
478.52
478.59
478.77
478.80
478.97
478.36
478.55
479.58
479.90
479.72
479.21
479.56
479.24
479.78
479.25
479.28
479.96
479.77
479.76
479.29
479.95
479.59
480.56
480.61
480.27
480.58
480.72
480.91
480.76
480.78
480.26
480.75
481.00
480.25
480.24
480.28
480.77
480.80
480.73
480.79
480.81
481.76
481.60
481.86
481.55
481.25
481.96
481.92
481.26
481.79
481.77
481.27
481.29
481.61
481.69
481.28
481.85
482.24
482.92
482.22
482.58
482.93
482.50
482.27
482.26
482.29
482.01
482.76
482.78
482.28
482.82
482.57
482.30
482.63
483.58
483.46
483.25
483.24
483.74
483.92
483.22
483.75
483.77
483.27
483.23
483.28
483.94
483.93
483.95
483.61
483.26
483.60
483.85
483.78
483.30
484.27
484.25
484.72
484.54
484.28
484.75
484.93
484.77
484.26
484.29
484.92
484.76
484.31
484.62
484.91
484.60
484.94
485.23
485.92
486.00
485.27
485.90
485.73
485.93
485.88
485.26
485.79
485.72
485.76
485.77
485.29
485.78
485.28
485.50
485.59
485.30
486.90
486.48
486.25
486.58
486.49
486.24
486.26
486.51
486.75
486.76
486.29
486.27
486.81
486.95
486.94
486.30
486.31
486.79
486.77
486.78
486.63
487.58
487.25
487.27
487.89
487.60
487.74
487.61
487.76
487.77
487.78
487.28
487.79
487.23
487.94
487.24
487.92
487.29
487.75
487.31
487.98
487.26
488.24
488.58
488.94
488.92
488.75
488.76
488.73
488.27
488.80
488.29
488.25
488.60
488.61
488.87
488.28
488.57
488.79
488.30
488.31
489.88
489.24
489.74
489.28
489.49
489.00
489.51
489.25
489.26
489.76
489.01
489.58
489.78
489.27
489.61
489.31
489.80
490.23
490.50
490.90
490.56
490.58
490.28
490.29
490.93
490.71
490.25
490.95
490.27
490.73
490.74
490.60
490.24
490.26
490.75
490.31
490.30
490.80
490.81
490.63
490.97
490.37
490.35
491.96
491.75
491.77
491.78
491.25
491.26
491.61
491.91
491.76
491.29
491.94
491.58
491.27
491.92
491.62
491.80
491.21
491.32
491.30
491.56
491.31
492.21
492.22
492.58
492.90
492.60
492.26
492.78
492.75
492.74
492.27
492.30
492.61
492.28
492.24
492.25
492.02
492.81
492.63
492.96
493.24
493.75
493.27
493.00
493.80
493.23
493.29
493.73
493.77
493.76
493.79
493.58
493.92
493.25
493.62
493.30
493.78
493.98
493.36
494.91
494.57
494.22
494.98
494.26
494.49
494.25
494.28
494.99
494.76
494.27
494.24
494.29
494.77
494.58
494.95
494.74
494.96
494.30
494.79
494.80
494.78
494.93
494.97
494.31
495.94
495.25
495.92
495.26
495.75
495.69
495.77
495.71
495.23
495.48
495.27
495.24
495.95
495.28
495.29
495.81
495.74
496.76
496.25
496.92
496.24
496.28
496.59
496.52
496.77
496.78
496.93
496.90
496.79
496.96
496.23
496.62
496.60
496.27
496.30
496.32
496.97
496.07
496.98
496.65
496.55
496.86
497.99
497.56
497.75
497.60
497.01
497.73
497.49
497.26
497.25
497.78
497.72
497.31
497.91
497.62
497.29
497.24
497.03
497.52
497.53
497.98
498.26
498.99
498.27
498.92
498.56
498.01
498.29
498.62
498.24
498.76
498.23
498.59
498.72
498.60
498.04
498.30
498.98
498.33
499.01
499.26
499.24
499.23
499.49
499.91
499.58
499.25
499.28
499.52
499.95
499.27
499.92
499.31
499.59
499.80
499.29
499.54
499.78
499.19
499.74
500.57
500.76
500.51
500.58
500.24
500.26
500.79
500.30
500.27
500.77
500.28
500.21
500.75
500.81
500.34
500.74
500.31
500.29
500.59
500.94
500.78
500.38
501.25
501.27
501.73
501.26
501.79
501.28
501.78
501.76
501.01
501.57
501.24
501.96
501.29
501.77
502.74
502.49
502.72
502.76
502.57
502.25
502.78
502.27
502.90
502.29
502.75
502.77
502.64
502.28
502.81
502.65
502.82
503.11
503.76
503.78
503.95
503.77
503.26
503.27
503.51
503.28
503.29
503.31
504.57
504.26
504.24
504.28
504.75
504.27
504.30
504.52
504.80
504.38
505.11
505.78
505.79
505.25
505.31
505.50
505.76
505.75
505.99
505.23
505.29
505.58
505.22
505.28
505.72
505.03
505.59
505.52
505.27
505.24
505.62
505.26
505.91
505.94
505.97
505.06
505.65
506.27
506.25
506.24
506.88
506.61
506.26
506.92
506.73
506.28
506.79
506.62
506.31
506.58
506.30
506.29
506.03
506.96
506.50
506.98
506.77
506.82
507.76
507.27
507.91
507.25
507.29
507.52
507.73
507.28
507.23
507.61
507.77
507.75
507.03
507.95
507.80
507.31
507.30
507.26
507.62
507.04
507.15
507.78
507.38
508.27
508.60
508.74
508.91
508.49
508.61
508.24
508.25
508.48
508.28
508.77
508.29
508.57
508.80
508.93
508.03
508.81
508.33
508.37
509.58
509.01
509.74
509.75
509.24
509.60
509.92
509.27
509.94
509.76
509.22
509.29
509.93
509.79
509.81
509.26
509.77
509.28
509.65
509.72
509.31
509.95
509.30
509.80
509.89
509.82
509.32
509.57
510.02
510.75
510.28
510.25
510.50
510.04
510.62
510.27
510.61
510.94
510.73
510.30
510.81
510.79
510.96
510.64
510.29
510.60
510.98
511.59
511.99
511.56
511.81
511.78
511.92
511.94
511.57
511.77
511.31
511.29
511.27
511.32
511.96
511.65
511.97
511.26
511.51
511.33
512.06
512.23
512.80
512.75
512.22
512.77
512.27
512.26
512.24
512.76
512.74
512.92
512.79
512.29
512.60
512.25
512.32
512.28
512.78
512.65
513.26
513.27
513.28
513.79
513.61
513.58
513.87
513.24
513.33
513.30
513.31
513.23
513.94
513.76
513.83
514.93
514.27
514.24
514.60
514.58
514.80
514.76
514.59
514.77
514.29
514.32
514.28
514.36
514.30
515.75
515.26
515.61
515.92
515.95
515.23
515.28
515.78
515.94
515.25
515.29
515.27
515.79
515.80
515.77
515.76
515.32
515.30
515.81
515.98
516.27
516.22
516.93
516.25
516.24
516.29
516.92
516.31
516.80
516.30
516.59
516.72
516.75
516.28
516.76
516.74
516.82
516.32
517.28
517.58
517.26
517.77
517.90
517.76
517.30
517.27
517.29
517.79
517.32
517.95
517.78
517.33
517.38
518.26
518.52
518.25
518.78
518.73
518.77
518.29
518.63
518.83
518.79
518.76
518.30
518.95
518.34
519.61
519.48
519.52
519.29
519.51
519.27
519.78
519.94
519.26
519.58
519.74
519.30
519.24
519.63
519.14
519.75
520.58
520.28
520.99
520.26
520.56
520.81
520.74
520.25
520.79
520.31
520.33
520.98
521.14
521.77
521.74
521.59
521.91
521.26
521.46
521.80
521.29
521.90
521.27
521.28
521.95
521.54
521.79
521.94
521.34
521.31
521.81
521.30
521.70
521.32
521.76
521.82
521.65
522.24
522.26
522.60
522.31
522.58
522.03
522.27
522.50
522.29
522.30
522.78
522.81
522.28
522.62
522.64
522.97
523.00
523.75
523.60
523.26
523.77
523.95
523.28
523.31
523.30
523.29
523.80
523.78
523.32
523.96
523.98
524.27
524.25
524.74
524.28
524.91
524.26
524.29
524.24
524.76
524.60
524.77
524.01
524.94
524.92
524.51
524.58
524.32
524.79
524.80
524.56
524.30
524.65
524.61
524.95
524.97
524.83
524.39
524.89
525.99
525.26
525.03
525.22
525.93
525.27
525.58
525.24
525.95
525.80
525.78
525.28
525.23
525.77
525.94
525.60
525.30
525.63
525.61
525.29
525.88
525.31
525.33
526.27
526.51
526.29
526.25
526.91
526.93
526.73
526.72
526.33
526.50
526.26
526.28
526.30
526.90
526.03
526.75
526.61
526.78
526.62
526.79
526.64
526.36
526.81
526.37
526.32
526.66
527.75
527.78
527.29
527.76
527.91
527.59
527.27
527.99
527.98
527.32
527.05
527.28
527.83
527.33
528.33
528.26
528.27
528.25
528.52
528.02
528.30
528.51
528.50
528.28
528.79
528.01
528.94
528.63
528.96
528.80
528.76
528.56
528.36
529.00
529.28
529.60
529.23
529.30
529.74
529.80
529.76
529.93
529.32
529.63
529.79
529.96
529.62
529.26
529.27
529.61
529.29
529.81
529.34
529.09
530.61
530.95
530.28
530.96
530.78
530.89
530.90
530.03
530.27
530.25
530.62
530.29
530.80
530.73
530.32
530.77
530.26
530.65
531.26
531.23
531.93
531.78
531.27
531.30
531.25
531.72
531.31
531.60
531.32
531.28
531.61
531.94
531.53
531.77
531.82
531.84
531.81
531.33
532.89
532.24
532.94
532.75
532.92
532.28
532.77
532.91
532.78
532.61
532.32
532.27
532.99
532.97
532.33
532.64
532.31
532.00
532.34
533.26
533.28
533.92
533.57
533.00
533.59
533.27
533.82
533.74
533.78
533.04
533.31
533.76
533.34
533.75
533.95
533.03
533.94
533.01
533.85
533.79
534.25
534.80
534.31
534.97
534.27
534.30
534.81
534.38
535.60
535.57
535.29
535.33
535.93
535.30
535.25
535.34
536.56
536.17
536.79
536.76
536.29
536.74
536.27
536.94
536.31
536.83
536.96
536.63
536.82
536.18
537.01
537.92
537.28
537.32
537.29
537.31
537.81
537.34
537.17
537.68
538.74
538.77
538.62
538.91
538.88
538.29
538.80
538.76
538.26
538.30
538.97
538.25
538.59
538.79
538.63
538.27
538.98
538.33
538.58
538.41
539.93
539.92
539.29
539.57
539.80
539.25
539.27
539.24
539.32
539.05
539.02
539.76
539.30
539.79
539.84
539.83
539.54
539.34
539.51
540.28
540.76
540.24
540.79
540.75
540.27
540.29
540.80
540.94
540.82
540.25
540.92
540.33
540.35
540.63
541.31
541.94
541.79
541.26
541.51
541.29
541.77
541.28
541.55
541.61
541.27
541.80
541.98
541.33
541.78
541.32
541.93
541.76
541.30
541.34
541.50
541.40
542.78
542.77
542.26
542.97
542.62
542.94
542.76
542.79
542.63
542.29
542.31
542.83
542.81
542.39
542.00
542.80
542.34
543.95
543.76
543.94
543.96
543.73
543.30
543.78
543.82
543.26
543.31
543.28
543.79
543.65
543.83
543.98
543.63
543.85
543.34
544.28
544.60
544.97
544.29
544.27
544.25
544.77
544.24
544.32
544.61
544.78
544.30
544.79
544.96
544.31
544.04
544.33
544.34
545.92
545.60
545.91
545.79
545.27
545.30
545.96
545.02
545.29
545.32
545.81
545.28
545.31
545.76
545.26
545.80
545.95
545.77
545.78
545.07
545.62
545.66
545.08
546.25
546.27
546.53
546.93
546.59
546.79
546.26
546.28
546.80
546.30
546.29
546.98
546.04
546.31
546.33
546.82
546.84
546.83
546.68
546.85
547.27
547.01
547.62
547.95
547.76
547.65
547.30
547.26
547.29
547.78
547.25
547.82
547.33
547.66
547.31
547.28
547.98
547.99
547.61
548.01
548.87
548.59
548.25
548.75
548.77
548.82
548.24
548.27
548.30
548.83
548.28
548.74
548.60
548.29
548.96
548.80
548.76
548.97
548.79
548.26
548.31
548.94
548.32
548.35
548.84
548.64
548.63
549.99
549.93
549.50
549.76
549.80
549.08
549.83
549.78
549.27
549.64
549.30
549.61
549.29
549.54
549.81
549.94
549.97
549.34
549.33
549.82
550.79
550.27
550.61
550.59
550.62
550.60
550.92
550.32
550.80
550.81
550.25
550.33
550.30
550.29
550.63
550.28
550.26
550.96
550.78
550.53
550.76
550.65
550.31
550.00
550.85
551.75
551.27
551.29
551.78
551.28
551.94
551.59
551.31
551.26
551.79
551.32
551.81
551.83
551.34
551.04
551.33
551.41
552.76
552.80
552.26
552.60
552.27
552.93
552.58
552.81
552.25
552.82
552.28
552.77
552.79
552.96
552.30
552.62
552.31
552.63
552.61
552.29
552.32
552.33
552.98
552.35
552.69
552.43
552.42
553.35
553.78
553.92
553.62
553.27
553.29
553.77
553.64
553.30
553.61
553.53
553.24
553.05
553.31
553.28
553.36
553.33
553.83
553.85
553.60
554.49
554.27
554.00
554.95
554.53
554.82
554.31
554.28
554.80
554.29
554.26
554.32
554.76
554.98
554.79
554.77
554.06
554.30
554.04
554.19
555.58
555.61
555.76
555.77
555.26
555.28
555.62
555.63
555.35
555.33
555.80
555.31
555.29
555.32
555.21
555.04
555.68
556.60
556.27
556.25
556.01
556.03
556.94
556.30
556.80
556.79
556.93
556.53
556.31
556.22
556.24
556.75
556.29
556.81
556.84
556.33
556.36
556.68
556.09
557.77
557.92
557.59
557.28
557.80
557.02
557.60
557.55
557.83
557.75
557.81
557.93
557.33
557.30
557.96
557.31
557.29
557.64
557.98
557.79
558.00
557.35
557.85
557.45
558.01
558.28
558.26
558.29
558.79
558.31
558.27
558.05
558.25
558.61
558.62
558.94
558.78
558.33
558.06
558.63
558.77
558.30
558.99
558.32
559.92
559.26
559.04
559.96
559.78
559.32
559.29
559.27
559.30
559.31
559.63
559.66
559.24
559.84
559.28
559.65
559.83
560.25
560.75
560.28
560.60
560.58
560.53
560.77
560.76
560.63
560.74
560.61
560.29
560.31
560.80
560.33
560.27
560.81
560.62
560.35
560.84
560.34
560.79
560.92
560.09
561.62
561.96
561.63
561.28
561.26
561.25
561.29
561.32
561.52
561.85
561.77
561.27
561.30
561.79
561.80
561.31
561.76
561.69
561.35
561.59
561.86
562.27
562.63
562.05
562.95
562.29
562.61
562.78
562.82
562.28
562.77
562.31
562.23
562.80
562.81
562.07
562.76
562.60
562.34
562.79
562.30
562.32
562.33
562.84
562.36
562.86
562.58
563.99
563.31
563.26
563.29
563.77
563.30
563.63
563.98
563.73
563.81
563.94
563.28
563.79
563.57
563.32
563.02
563.65
563.54
564.94
564.30
564.95
564.92
564.79
564.61
564.26
564.31
564.29
564.34
564.36
564.27
564.81
564.62
564.68
564.35
564.60
565.01
565.50
565.03
565.60
565.29
565.25
565.27
565.30
565.80
565.77
565.79
565.31
565.81
565.61
565.35
565.41
566.78
566.63
566.77
566.28
566.27
566.96
566.54
566.30
566.35
566.82
566.32
566.29
566.79
566.33
566.31
566.43
566.25
566.67
566.01
566.44
566.36
567.34
567.60
567.78
567.31
567.81
567.28
567.26
567.30
567.77
567.29
567.64
567.96
567.80
567.84
567.79
567.97
567.65
567.67
567.83
567.33
567.03
567.35
568.30
568.64
568.25
568.94
568.65
568.03
568.81
568.97
568.28
568.91
568.78
568.80
568.56
568.79
568.62
568.82
568.84
568.76
568.55
568.74
568.34
568.85
568.86
569.75
569.93
569.80
569.27
569.98
569.62
569.77
569.28
569.30
569.31
569.97
569.26
569.79
569.00
569.34
569.35
569.36
569.76
569.78
570.61
570.75
570.82
570.62
570.33
570.29
570.28
570.30
570.80
570.04
570.81
570.31
570.32
570.36
570.78
570.83
570.35
570.69
571.74
571.81
571.28
571.31
571.27
571.04
571.34
571.77
571.35
571.32
571.60
571.82
571.36
572.78
572.60
572.59
572.34
572.27
572.28
572.82
572.79
572.75
572.97
572.94
572.80
572.63
572.98
572.83
573.00
572.32
572.29
572.65
572.31
572.30
572.76
572.67
572.33
572.84
573.27
573.58
573.02
573.78
573.40
573.29
573.28
573.61
573.04
573.31
573.79
573.82
573.32
573.80
573.34
573.96
573.75
573.30
573.25
573.91
573.56
573.77
573.06
573.09
573.12
573.35
574.53
574.79
574.78
574.26
574.81
574.32
574.31
574.91
574.34
574.30
574.80
574.62
574.06
574.97
574.36
575.75
575.76
575.25
575.03
575.74
575.77
575.53
575.92
575.82
575.34
575.63
575.28
575.29
575.31
575.32
575.79
575.05
575.27
575.81
575.56
575.84
575.80
575.35
575.61
575.36
576.94
576.28
576.29
576.59
576.97
576.04
576.79
576.01
576.77
576.82
576.30
576.31
576.78
576.67
576.65
576.80
576.61
576.96
576.85
576.95
576.00
576.27
576.25
576.34
576.53
576.64
576.81
576.36
576.03
577.61
577.28
577.27
577.81
577.79
577.33
577.63
577.30
577.32
577.37
577.29
577.77
577.80
577.31
577.76
577.35
577.34
577.49
578.06
578.85
578.31
578.95
578.57
578.97
578.61
578.82
578.33
578.77
578.80
578.29
578.63
578.32
578.84
578.38
578.36
578.10
579.26
579.50
579.95
579.29
579.76
579.93
579.64
579.28
579.80
579.82
579.27
579.33
579.25
579.94
579.04
579.31
579.56
579.79
579.32
579.85
579.34
579.81
579.69
579.61
579.86
579.35
580.80
580.28
580.96
580.31
580.94
580.79
580.78
580.82
580.30
580.03
580.32
580.95
580.29
580.33
580.63
580.35
581.00
580.34
580.64
580.68
580.58
580.57
580.69
580.36
580.37
580.60
581.75
581.28
581.29
581.78
581.26
581.27
581.30
581.79
581.81
581.63
581.97
581.64
581.53
581.04
581.83
581.34
581.33
581.31
581.95
581.70
581.35
582.63
582.60
582.62
582.54
582.25
582.82
582.35
582.29
582.79
582.32
582.28
582.80
582.97
582.77
582.64
582.33
582.26
582.98
582.34
582.08
582.42
582.66
582.31
582.36
583.78
583.96
583.51
583.31
583.30
583.86
583.32
583.35
583.63
583.64
583.76
583.82
583.33
583.83
583.24
583.97
583.81
583.80
583.98
583.34
583.87
583.26
584.26
584.80
584.27
584.04
584.76
584.82
584.03
584.00
584.34
584.32
584.28
584.36
584.79
584.58
584.29
585.00
584.86
584.83
584.77
584.37
584.63
584.78
585.77
585.95
585.96
585.32
585.33
585.29
585.78
585.28
585.80
585.64
585.34
585.98
585.54
585.58
585.81
585.05
585.03
585.63
586.96
586.60
586.79
586.28
586.80
586.03
586.88
586.35
586.64
586.29
586.82
586.62
586.81
586.98
586.78
586.85
586.66
586.30
586.33
586.24
586.31
586.84
586.36
586.32
586.83
586.61
587.76
587.27
587.78
587.63
587.85
587.56
587.28
587.29
587.33
587.34
587.81
587.62
587.32
587.31
587.82
587.38
587.77
587.66
587.80
587.30
587.35
587.79
587.37
587.87
588.01
588.28
588.59
588.51
588.33
588.31
588.94
588.75
588.92
588.80
588.30
588.98
588.96
588.84
588.32
588.62
588.82
588.34
588.25
588.81
588.27
588.61
588.35
588.86
588.36
589.75
589.52
589.60
589.63
589.79
589.80
589.62
589.32
589.29
589.34
589.26
589.30
589.98
589.31
589.06
589.82
589.33
590.00
589.36
589.86
590.79
590.78
590.32
590.33
590.29
590.97
590.06
590.99
590.81
590.83
590.30
590.04
590.36
590.35
591.00
590.87
590.82
590.67
590.62
591.27
591.55
591.31
591.28
591.76
591.80
591.78
591.04
591.35
591.30
591.29
591.62
591.66
591.64
591.36
591.32
591.85
591.65
591.58
591.71
592.04
592.05
592.79
592.84
592.96
592.78
592.62
592.98
592.54
592.61
592.09
592.85
592.31
592.30
592.32
592.65
592.29
592.83
592.37
592.82
592.66
593.16
593.01
593.80
593.79
593.54
593.59
593.28
593.75
593.29
593.32
593.35
593.31
593.56
593.33
593.37
593.30
593.82
593.65
593.83
593.86
593.36
594.77
594.03
594.97
594.32
594.00
594.85
594.30
594.82
594.79
594.28
594.31
594.35
594.78
594.34
594.01
594.36
594.33
594.83
595.30
595.62
595.54
595.29
595.64
595.81
595.94
595.32
595.77
595.31
595.25
595.04
595.84
595.97
595.33
595.34
595.02
595.80
595.83
595.98
595.99
596.00
595.36
595.13
595.43
596.61
596.33
596.30
596.60
596.93
596.07
596.78
596.28
596.59
596.29
596.95
596.64
596.96
596.35
596.32
596.97
596.73
596.36
596.82
596.31
596.06
596.83
596.38
597.55
597.79
597.97
597.30
597.94
597.82
597.61
597.65
597.29
597.32
597.78
597.95
597.33
597.27
597.31
597.84
597.85
597.99
597.36
597.87
597.66
597.76
597.62
597.37
598.26
598.31
598.28
598.93
598.80
598.32
598.85
598.83
598.02
598.81
598.34
598.29
598.84
598.55
598.76
598.25
598.30
598.00
598.27
598.09
598.36
598.08
599.78
599.28
599.04
599.56
599.76
599.29
599.96
599.75
599.63
599.32
599.30
599.83
600.00
599.79
599.86
599.97
599.99
599.35
599.33
599.38
599.36
599.70
600.30
600.32
600.81
600.28
600.29
600.64
600.05
600.80
600.04
600.62
600.06
600.33
600.82
600.34
600.26
600.95
600.85
600.35
600.01
600.99
600.67
600.77
600.10
600.71
600.37
601.79
601.80
601.32
601.76
601.31
601.84
601.64
601.36
601.82
601.30
601.34
601.85
601.33
601.37
601.63
601.88
602.52
602.82
602.32
602.97
602.83
602.33
602.59
602.79
602.30
602.84
602.80
602.34
602.35
602.29
602.67
602.09
602.00
602.31
602.37
603.30
603.82
603.61
603.79
603.81
603.99
603.29
603.28
603.63
603.96
603.31
603.33
603.38
603.64
603.32
603.80
603.83
604.84
604.63
604.94
604.79
604.34
604.96
604.36
604.67
604.58
604.64
604.80
604.82
604.37
604.89
604.86
604.29
605.00
604.30
604.33
604.81
604.03
605.96
605.29
605.28
605.33
605.02
605.83
605.64
605.95
605.03
605.32
605.80
605.31
605.53
605.81
605.35
605.66
605.54
605.38
605.69
605.87
605.67
605.06
605.71
605.88
606.80
606.56
606.32
606.97
606.29
606.33
606.27
606.28
606.78
606.31
606.36
606.63
606.65
606.34
606.77
606.35
606.82
606.30
606.57
606.37
606.66
606.85
606.39
606.00
606.72
607.51
607.03
607.06
607.05
607.01
607.63
607.92
607.81
607.83
607.55
607.76
607.25
607.31
607.35
607.98
607.32
607.57
607.67
607.84
607.56
607.29
607.09
607.36
607.58
607.38
608.58
608.83
608.97
608.57
608.31
608.96
608.86
608.36
608.77
608.33
608.38
609.52
609.29
609.30
609.33
609.80
609.88
609.32
609.31
609.64
609.06
609.84
609.65
609.83
609.36
609.82
609.37
610.80
610.18
610.30
610.27
610.29
610.26
610.77
610.99
610.01
610.83
610.33
611.32
611.04
611.82
611.83
611.34
611.31
611.68
611.29
611.33
612.18
612.33
612.24
612.28
612.26
612.29
612.64
612.30
612.05
612.76
612.96
612.31
612.83
612.65
612.35
612.80
612.68
612.86
612.84
612.78
612.88
613.27
613.79
613.33
613.30
613.99
613.29
613.04
613.57
613.35
613.64
613.98
613.31
613.83
613.32
613.34
613.82
613.38
613.81
613.97
613.59
614.34
614.30
614.05
614.55
614.32
614.84
614.35
614.95
614.07
614.36
614.26
614.80
614.39
614.83
614.65
615.00
614.85
614.33
614.76
614.66
614.71
614.38
614.01
615.29
615.31
615.61
615.30
615.27
615.32
615.33
615.81
615.84
615.98
615.82
615.07
615.37
615.34
615.35
615.86
615.99
615.65
615.38
616.01
616.77
616.31
616.64
616.80
616.81
616.78
616.33
616.29
616.26
616.30
616.32
616.87
616.82
616.97
616.67
617.65
617.94
617.81
617.31
617.82
617.37
617.33
617.27
617.86
617.35
617.84
617.29
617.66
617.32
617.97
617.11
617.78
617.85
617.00
617.68
617.14
618.74
618.78
618.94
618.32
618.35
618.34
618.84
618.30
618.79
618.31
618.83
618.96
618.82
618.36
618.77
618.33
618.02
618.80
618.97
618.85
618.71
619.82
619.29
619.33
619.65
619.30
619.31
619.61
619.28
619.79
619.36
619.01
619.37
619.69
619.87
619.38
619.88
620.04
620.81
620.56
620.30
620.85
620.66
620.79
620.99
620.84
620.31
620.57
620.82
620.34
620.69
620.35
620.02
620.01
620.37
620.33
620.83
620.65
620.39
620.05
620.40
621.80
621.29
621.33
621.04
621.66
621.64
621.31
621.81
621.32
621.00
621.36
621.34
621.83
621.85
621.35
621.86
621.39
622.00
621.06
621.38
621.89
622.61
622.80
622.86
622.63
622.64
622.83
622.32
622.81
622.82
622.84
622.01
622.65
622.85
622.36
622.97
622.34
622.13
623.56
623.29
623.30
623.81
623.80
623.74
623.31
623.84
623.35
624.00
623.36
623.79
623.32
623.85
623.08
623.94
623.88
623.38
623.64
623.89
624.97
624.30
624.31
624.63
624.27
624.82
624.79
624.95
624.81
624.77
624.29
624.96
624.33
624.34
624.84
624.85
624.83
624.35
624.57
624.87
624.37
624.99
624.28
624.72
624.14
625.34
625.28
625.80
625.78
625.29
625.85
625.65
625.55
625.30
625.33
625.64
625.32
625.63
625.79
625.82
625.99
625.84
625.68
625.70
625.37
625.73
626.81
626.30
626.82
626.29
626.79
627.00
626.31
626.83
626.32
626.39
626.80
626.36
626.34
626.64
626.37
626.26
626.00
626.38
626.33
626.06
626.13
626.88
627.28
627.29
627.78
627.34
627.31
627.80
627.30
627.26
627.35
627.36
627.01
627.37
627.61
627.33
627.60
627.67
627.86
628.53
628.31
628.85
628.05
628.33
628.76
628.32
628.37
628.84
628.35
628.82
628.83
628.97
628.30
628.88
628.86
628.39
628.40
628.89
628.12
629.62
629.29
629.96
629.52
629.82
629.31
629.85
629.33
629.84
629.35
629.30
629.65
629.01
629.34
629.81
629.83
629.36
629.98
629.32
629.99
629.86
629.80
629.02
629.05
629.39
630.24
630.86
630.31
630.85
630.42
630.28
630.30
630.06
630.79
630.29
630.33
630.36
630.32
630.83
630.35
630.81
630.57
630.64
630.84
630.38
630.01
630.71
630.04
630.34
630.10
630.12
630.37
630.39
631.28
631.29
631.78
631.83
631.80
631.08
631.85
631.33
631.34
631.62
631.81
631.31
631.30
631.35
631.67
631.98
632.80
632.31
632.77
632.32
632.99
632.34
632.30
632.29
632.82
632.97
632.68
632.37
632.70
632.83
632.41
632.11
632.35
633.65
633.66
633.33
633.29
633.80
633.27
633.83
633.74
633.86
633.30
633.82
633.28
633.00
633.96
633.32
633.08
633.37
633.85
633.36
633.84
633.34
633.13
634.78
634.31
634.83
634.79
634.80
634.27
634.81
634.62
634.63
634.65
634.32
634.38
634.02
634.84
634.64
634.60
634.85
634.09
634.29
634.37
634.33
634.67
634.36
634.26
634.03
634.89
634.30
634.73
634.90
634.41
635.35
635.84
635.98
635.65
635.82
635.33
635.26
635.32
635.97
635.31
635.39
635.30
635.36
635.01
635.03
635.85
635.10
635.38
635.12
635.34
635.68
635.29
635.79
635.86
635.40
636.28
636.31
636.96
636.80
636.87
636.09
636.32
636.29
636.65
636.35
636.97
636.34
636.81
636.68
636.83
636.84
636.40
636.38
636.07
637.30
637.97
637.85
637.05
637.34
637.32
637.31
637.83
637.64
637.82
637.29
637.36
637.37
637.81
637.87
637.99
637.39
637.14
638.82
638.33
638.30
638.83
638.31
638.32
638.89
638.34
638.29
638.01
638.59
638.37
638.84
638.36
638.27
638.99
638.38
638.05
638.67
638.39
639.95
639.29
639.66
639.56
639.80
639.84
639.86
639.30
639.33
639.82
639.35
639.31
639.32
639.83
639.02
639.81
639.97
639.87
639.01
639.88
639.15
640.76
640.26
640.29
640.96
640.34
640.32
640.31
640.30
640.86
640.37
640.83
640.81
640.58
640.85
640.82
640.80
640.03
640.38
640.33
640.02
640.90
640.40
640.74
641.77
641.80
641.29
641.83
641.84
641.32
641.36
641.57
641.81
641.39
641.33
641.85
641.34
641.12
641.37
641.88
641.03
641.27
641.90
641.40
642.60
642.53
642.29
642.26
642.31
642.62
642.32
642.81
642.27
642.09
642.83
642.35
642.78
642.80
642.38
642.77
642.82
642.37
642.67
642.34
642.36
643.83
643.03
643.80
643.54
643.34
643.01
643.07
643.99
643.96
643.38
643.59
643.82
643.68
643.86
643.31
643.35
643.28
643.36
643.39
643.41
643.33
643.85
643.73
644.28
644.83
644.84
644.29
644.82
644.30
644.87
644.34
644.36
644.81
644.32
644.65
644.35
644.37
644.86
644.33
644.01
644.00
644.69
644.80
644.68
644.06
644.14
644.91
645.77
645.06
645.83
645.33
645.81
645.27
645.79
645.32
645.36
645.34
645.56
645.82
645.85
645.41
645.39
645.09
645.89
645.02
645.07
645.00
645.01
645.90
645.65
646.33
646.30
646.26
646.57
646.28
646.82
646.32
646.34
646.78
646.79
646.65
646.31
646.07
646.38
646.84
646.36
646.67
646.83
646.85
646.35
646.71
646.90
646.89
646.15
647.82
647.33
647.32
647.30
647.34
647.65
647.84
647.83
647.05
647.80
647.64
647.31
647.81
647.35
647.08
647.66
647.27
647.59
647.11
647.02
648.41
648.07
648.79
648.32
648.33
648.81
648.99
648.68
648.30
648.85
648.87
648.02
648.62
648.34
648.11
648.82
648.90
648.80
648.39
648.29
648.40
649.04
649.85
649.29
649.35
649.84
649.82
649.32
649.87
649.68
649.36
649.34
649.89
649.40
649.67
649.90
649.39
649.83
649.03
649.02
649.88
649.74
649.71
650.34
650.33
650.27
650.32
650.77
650.30
650.82
650.36
650.35
650.31
650.83
650.01
650.38
650.39
650.69
650.87
650.80
650.67
650.40
650.02
650.74
650.16
651.33
651.81
651.28
651.32
651.79
651.83
651.35
651.73
651.31
651.03
651.96
651.34
651.36
651.80
651.37
651.59
651.82
651.86
651.84
651.02
651.70
651.00
651.14
651.85
651.67
651.62
652.31
652.36
652.33
652.01
652.32
652.79
652.38
652.39
652.03
652.37
652.41
652.02
652.81
652.88
652.67
652.73
652.65
653.84
653.55
653.82
653.86
653.64
653.54
653.29
653.81
653.34
653.01
653.31
653.32
653.35
653.33
653.85
653.68
653.30
653.99
653.37
653.73
654.06
654.38
654.82
654.83
654.32
654.31
654.85
654.30
654.70
654.34
654.92
654.03
654.00
654.90
655.00
655.30
655.97
655.02
655.31
655.33
655.80
655.34
655.98
655.65
655.87
655.79
655.70
655.81
655.38
655.35
655.37
655.99
655.85
655.86
655.68
655.08
655.88
655.15
656.31
656.95
656.82
656.80
656.34
656.63
656.86
656.30
656.84
656.40
656.27
656.01
656.36
656.33
656.87
656.04
656.05
656.38
656.91
656.14
656.90
657.31
657.80
657.04
657.00
657.65
657.01
657.33
657.78
657.35
657.85
657.36
657.32
657.58
657.38
657.02
657.86
657.70
658.00
657.34
657.62
657.88
657.92
657.41
658.81
658.32
658.80
658.83
658.34
658.31
658.35
658.84
658.87
658.36
658.01
658.38
658.13
658.41
658.85
658.04
658.37
658.74
658.40
659.34
659.64
659.30
659.32
659.36
659.00
659.72
659.65
659.31
659.01
659.15
659.41
659.03
660.63
660.33
660.32
660.99
660.36
660.81
660.83
660.08
660.84
660.37
660.86
660.07
660.40
660.38
660.34
660.89
660.85
660.92
661.54
661.06
661.29
661.32
661.68
661.27
661.65
661.81
661.35
661.38
661.33
661.77
661.34
661.82
661.37
661.36
661.84
661.72
661.85
661.12
661.40
661.39
661.42
662.82
662.68
662.65
662.66
662.33
662.67
662.30
662.83
662.59
662.32
662.86
662.38
662.84
662.72
662.80
662.05
662.00
662.36
662.06
662.99
662.39
663.81
663.30
663.85
663.82
663.32
663.10
663.98
663.88
663.37
663.38
663.31
663.35
663.34
663.84
663.08
663.36
663.40
663.91
663.33
663.41
663.66
664.98
664.31
664.85
664.34
664.00
664.88
664.33
664.36
664.87
664.82
664.86
664.29
664.68
664.89
664.37
664.79
664.32
664.42
664.08
664.39
664.41
665.04
665.34
665.81
665.82
665.35
665.86
665.85
665.31
665.36
665.83
665.09
665.87
665.33
665.98
665.38
665.12
665.02
665.88
665.42
665.32
666.32
666.28
666.82
666.34
666.81
666.33
666.99
666.35
666.30
666.31
666.84
666.87
666.85
666.98
666.27
666.39
666.36
666.04
666.10
666.02
666.88
666.71
666.42
666.15
667.01
667.34
667.31
667.58
667.29
667.96
667.66
667.69
667.32
667.03
667.83
667.40
667.36
667.35
667.81
667.87
667.38
667.92
667.74
668.67
668.31
668.83
668.88
668.02
668.84
668.37
668.35
668.33
668.86
668.38
668.43
668.82
668.81
668.87
668.04
668.40
668.58
668.64
668.36
668.32
668.99
669.30
669.98
669.65
669.32
669.66
669.81
669.85
669.68
669.38
669.35
669.87
669.33
669.88
669.89
669.36
669.05
669.37
669.71
669.76
669.19
670.30
670.83
670.33
670.60
670.81
670.84
670.85
670.32
670.38
670.69
670.34
670.29
670.86
670.09
670.71
670.89
670.35
670.41
670.40
671.29
671.32
671.37
671.30
671.35
671.31
671.68
671.34
671.40
671.02
671.84
671.99
671.80
671.36
671.04
671.86
671.38
672.02
672.03
672.95
672.98
672.35
672.31
672.65
672.36
672.84
672.91
672.37
672.33
672.83
672.40
672.70
672.85
672.41
672.04
672.05
672.89
672.90
672.86
672.68
672.42
673.97
673.83
673.29
673.33
673.81
673.68
673.00
673.35
673.85
673.38
673.67
673.30
673.84
673.70
673.09
673.32
673.65
673.40
673.34
673.05
673.11
673.91
673.39
673.08
673.41
674.99
674.33
674.84
674.32
674.11
674.79
674.67
674.83
674.35
674.82
674.37
674.38
674.36
674.01
674.34
675.00
674.91
674.73
674.86
674.51
675.32
675.28
675.37
675.35
675.70
675.85
675.34
675.86
675.98
675.81
675.39
675.02
675.87
675.80
675.06
675.89
675.40
676.33
676.83
676.79
676.35
676.84
676.87
676.67
676.37
676.01
676.11
676.39
676.82
676.61
676.32
676.69
676.34
676.36
676.99
676.30
676.91
677.36
677.82
677.31
677.84
677.85
677.91
677.59
677.72
677.89
677.32
677.35
677.04
677.69
677.90
677.05
677.39
677.88
677.74
678.99
678.37
678.88
678.98
678.32
678.85
678.33
678.86
678.35
678.84
678.90
678.36
678.06
678.92
678.76
679.70
679.32
679.33
679.84
679.80
679.37
679.83
679.35
679.03
679.66
679.86
679.30
679.11
679.88
679.00
679.51
679.85
679.81
679.41
679.74
679.72
680.86
680.66
680.34
680.33
680.88
680.36
680.82
680.35
680.85
680.87
680.69
680.70
680.72
680.83
681.37
681.85
681.79
681.34
681.99
681.83
681.57
681.33
681.35
681.36
681.84
681.32
681.89
681.87
681.40
681.86
681.42
682.57
682.07
682.31
682.30
682.83
682.05
682.35
682.34
682.37
682.66
682.85
682.81
682.88
682.39
682.86
682.90
682.73
682.72
682.08
683.83
683.33
683.86
683.34
683.32
683.65
683.31
683.89
683.41
683.42
683.82
683.84
683.38
683.87
683.91
683.99
683.35
683.36
683.43
683.18
683.22
684.33
684.34
684.69
684.82
684.35
684.67
684.37
684.59
684.71
684.38
684.72
684.83
684.91
684.31
684.65
684.04
684.39
684.90
684.20
684.77
684.76
685.82
685.32
685.79
685.84
685.29
685.39
685.38
685.86
685.36
685.89
685.33
685.85
685.02
685.92
685.35
685.41
685.43
685.74
685.67
686.80
686.35
686.83
686.33
686.81
686.86
686.37
686.85
686.38
686.34
686.42
686.63
686.29
686.40
686.84
686.36
686.89
687.86
687.66
687.99
687.31
687.35
687.33
687.32
687.36
687.38
687.84
687.68
687.37
687.41
687.85
687.60
687.80
687.39
687.34
687.43
687.76
688.08
688.36
688.82
688.39
688.84
688.37
688.81
688.87
688.05
688.68
688.38
688.61
688.32
688.85
688.34
688.88
688.40
688.41
688.76
688.73
688.17
688.09
689.03
689.80
689.83
689.34
689.35
689.37
689.32
689.39
689.33
689.85
689.87
689.86
689.84
689.40
689.01
689.38
689.06
689.88
689.68
689.93
690.05
690.34
690.33
690.83
690.00
690.36
690.35
690.82
690.02
690.38
690.10
690.91
690.86
690.89
690.88
690.84
690.03
690.37
690.87
690.18
690.04
691.33
691.86
691.02
691.85
691.35
691.80
692.00
691.31
691.67
691.29
691.38
691.37
691.69
691.41
691.70
691.84
691.40
691.54
692.57
692.64
692.96
692.30
692.98
692.83
692.87
692.68
692.80
692.01
692.35
692.40
692.36
692.37
692.90
692.32
692.84
692.33
692.71
692.88
692.41
692.66
692.02
692.86
692.92
692.42
692.53
692.03
693.98
693.86
693.85
693.65
693.35
693.31
693.36
693.34
693.63
693.04
693.90
693.41
693.88
693.14
693.40
693.94
694.83
694.87
694.34
694.39
694.40
694.41
694.30
694.38
694.88
694.02
694.33
694.86
694.89
694.90
695.00
694.00
694.36
694.70
694.32
694.84
694.15
694.82
694.37
694.76
694.43
695.31
695.80
695.33
695.87
695.34
695.37
695.83
695.99
695.41
695.36
695.88
695.38
695.86
695.07
695.71
696.32
696.33
696.37
696.85
696.61
696.35
696.38
696.29
696.36
696.86
696.70
696.87
696.02
696.03
696.68
696.44
697.31
697.79
697.85
697.35
697.83
697.88
697.80
697.33
697.29
697.37
697.05
697.61
697.36
697.86
697.41
697.87
697.34
697.38
697.39
697.08
697.32
697.09
698.34
698.35
698.38
698.86
698.57
698.37
698.04
698.33
698.36
698.03
698.91
698.40
698.93
698.54
699.35
699.27
699.67
699.38
699.36
699.02
699.40
699.34
699.37
699.03
699.42
699.84
699.41
699.18
699.39
699.44
700.33
700.66
700.34
700.37
700.79
700.58
700.36
700.85
700.81
700.83
700.00
700.39
700.03
700.87
700.42
700.84
700.88
700.93
700.94
701.36
701.35
701.32
701.33
701.34
701.78
701.87
701.81
701.86
701.89
701.37
701.42
701.88
701.03
701.39
701.82
701.08
701.07
702.85
702.33
702.37
702.40
702.42
702.36
702.08
702.63
702.38
702.83
702.31
702.86
702.82
702.04
702.07
702.77
702.76
702.43
703.34
704.00
703.63
703.84
703.68
703.32
703.02
703.83
703.87
703.92
703.36
703.85
703.37
703.86
703.09
703.38
703.89
704.65
704.84
704.35
704.34
704.61
704.28
704.38
704.32
704.33
704.40
704.39
704.36
704.86
704.41
704.83
704.37
704.88
704.03
704.07
704.75
705.06
705.69
705.34
705.36
705.86
705.39
705.33
705.38
705.35
705.05
705.40
705.80
705.63
705.71
705.32
705.42
705.89
705.19
705.45
706.70
706.08
706.83
706.37
706.66
706.32
706.84
706.89
706.98
706.38
706.35
706.93
706.36
706.34
706.41
706.91
706.73
706.44
706.55
707.98
707.86
707.35
707.34
707.75
707.30
707.32
707.36
707.88
707.69
707.39
707.33
707.70
707.89
707.67
707.85
707.41
707.37
707.07
707.93
707.90
707.09
707.56
707.55
708.87
708.26
708.59
708.82
708.35
708.42
708.36
708.79
708.37
708.40
708.33
708.04
708.99
708.72
708.69
708.41
708.84
708.38
708.07
708.11
708.80
708.44
708.56
709.32
709.35
709.61
709.31
709.85
709.67
709.83
709.36
709.03
709.37
709.70
709.69
709.89
709.87
709.38
709.42
709.40
709.33
709.45
709.05
710.33
710.86
710.85
710.36
710.34
710.88
710.82
710.38
710.35
710.87
710.05
710.90
710.89
710.39
710.40
710.41
710.18
711.98
711.85
711.37
711.83
711.80
711.38
711.32
711.03
711.31
711.34
711.86
711.61
711.88
711.87
711.84
711.39
711.41
711.36
711.35
711.94
711.43
711.77
711.76
712.08
712.82
712.35
712.68
712.71
712.33
712.85
712.90
712.39
712.37
712.84
712.89
712.38
712.43
712.75
712.83
712.88
713.00
713.33
713.35
713.30
713.84
713.38
713.42
713.86
713.40
713.76
713.90
713.37
713.99
713.02
713.77
713.92
713.39
713.78
713.87
714.81
714.31
714.34
714.87
714.35
714.36
714.69
714.91
714.37
714.89
714.38
714.29
714.01
714.61
714.32
714.84
714.80
714.42
714.43
714.86
714.44
715.06
715.31
715.86
715.85
715.36
715.38
715.33
715.40
715.87
715.75
715.88
715.04
715.41
715.90
715.37
715.34
716.08
716.99
716.66
716.85
716.86
716.35
716.05
716.38
716.88
716.39
716.03
716.37
716.34
716.41
716.44
716.72
716.40
716.75
716.20
716.42
717.59
717.34
717.39
717.38
717.40
717.29
717.86
717.89
717.01
717.36
717.60
717.37
717.66
717.88
717.87
717.08
717.11
717.44
718.32
718.38
718.81
718.83
718.37
718.36
718.39
718.85
718.71
718.84
718.33
718.41
718.42
718.87
718.86
718.40
718.69
719.56
719.84
719.90
719.98
719.44
719.35
719.37
719.87
719.31
719.33
719.30
719.04
719.74
719.41
719.80
719.38
720.84
720.38
720.85
720.37
720.34
720.82
720.40
720.35
720.36
720.16
720.69
720.39
720.05
720.42
721.86
721.83
721.68
721.81
721.36
721.34
721.38
721.35
721.39
721.84
721.41
721.87
721.08
721.37
722.86
722.01
722.34
722.28
722.29
722.70
722.36
722.38
722.37
722.85
722.87
722.33
722.10
722.90
722.02
722.09
722.32
722.39
722.42
722.07
722.43
722.41
722.84
722.78
722.95
723.59
723.34
723.87
723.33
723.37
723.40
723.85
723.36
723.73
723.01
723.70
723.44
724.84
724.35
724.58
724.66
724.36
724.34
724.33
724.39
724.90
724.37
724.88
724.65
724.89
724.45
724.71
724.91
724.76
725.97
725.06
725.86
725.83
725.85
725.69
725.34
725.42
725.68
725.60
725.35
725.65
725.38
725.84
725.41
725.92
725.71
725.73
725.09
725.44
726.33
726.98
726.38
726.35
726.82
726.88
726.37
726.40
726.85
726.83
726.34
726.41
726.04
726.89
726.62
726.42
726.09
726.36
726.71
726.08
726.07
726.93
726.44
726.11
726.56
727.40
727.74
727.72
727.89
727.88
727.30
727.37
727.76
727.92
727.98
727.41
727.06
727.36
727.75
727.08
727.21
728.35
728.71
728.33
728.40
728.70
728.39
728.37
728.83
728.36
728.32
728.41
728.59
728.93
728.44
728.89
728.03
728.72
728.77
728.25
728.43
728.10
728.46
728.79
729.32
729.81
729.33
729.89
729.43
729.35
729.41
729.39
729.40
729.42
729.88
729.38
729.36
729.17
729.90
729.70
730.35
730.85
730.36
730.32
730.89
730.09
730.91
730.40
730.87
730.37
730.92
730.39
730.41
730.86
730.88
731.34
731.32
731.84
731.35
731.36
731.42
731.33
731.37
731.41
731.39
731.38
731.89
731.87
731.60
731.01
731.92
731.04
731.67
731.44
731.94
731.46
731.29
731.75
731.78
732.70
732.88
732.36
732.38
732.40
732.86
732.39
732.41
732.05
732.37
732.91
732.43
732.19
732.12
733.82
733.57
733.32
733.34
733.85
733.35
733.86
733.41
733.88
733.91
733.06
733.37
733.43
733.72
733.11
733.96
733.71
734.37
734.35
734.93
734.88
734.03
734.87
734.12
734.41
734.40
734.39
734.34
734.42
734.05
734.73
734.95
734.11
734.49
734.57
735.02
735.65
735.86
735.38
735.37
735.40
735.71
735.56
735.03
735.92
735.44
735.63
735.35
735.72
735.39
735.75
735.84
736.68
736.57
736.37
736.32
736.38
736.83
736.33
736.59
736.35
736.71
736.40
736.85
736.39
736.86
736.34
736.42
736.87
736.89
736.08
736.36
736.94
736.75
736.90
736.45
736.44
737.68
737.36
737.35
737.41
737.83
737.31
737.34
737.85
737.69
737.37
737.86
737.38
737.84
737.33
737.95
737.71
737.42
737.72
737.75
737.17
737.92
737.79
737.96
737.43
738.02
738.33
738.37
738.84
738.85
738.36
738.34
738.32
738.68
738.31
738.65
738.87
738.04
738.40
738.38
738.39
738.42
738.01
738.92
738.15
738.45
738.75
738.35
738.73
738.89
738.90
738.41
738.93
738.21
738.46
739.33
739.84
739.36
739.67
739.02
739.01
739.87
739.34
739.37
739.15
739.44
739.86
739.39
739.41
739.71
739.77
739.43
739.09
740.83
740.70
740.61
740.34
740.41
740.36
740.33
740.43
740.87
740.38
740.85
740.12
740.88
740.84
740.91
740.37
740.40
740.45
740.08
740.18
740.67
740.95
740.96
740.46
741.35
741.33
741.84
741.36
741.60
741.98
741.02
741.32
741.85
741.83
741.42
741.03
741.94
741.05
741.90
741.04
741.91
741.34
741.37
741.43
741.82
741.31
741.71
741.95
741.38
741.12
742.59
742.36
742.37
742.87
742.33
742.41
742.78
742.93
742.43
742.45
742.38
742.89
742.90
742.22
743.90
743.85
743.88
743.09
743.82
743.73
743.41
743.35
743.43
743.74
743.38
743.81
743.32
743.40
743.34
743.39
743.37
743.87
743.05
743.10
743.42
743.13
743.89
744.58
744.35
744.57
744.85
744.89
744.44
744.38
744.39
744.06
744.84
744.40
744.05
744.87
744.91
744.17
744.96
745.31
745.34
745.37
745.38
745.39
745.41
745.04
745.05
745.85
745.36
745.87
745.40
745.95
745.93
745.74
745.32
745.43
746.84
746.34
746.89
746.39
746.86
746.04
746.36
746.83
746.06
746.37
746.41
746.08
746.88
746.46
746.76
746.43
746.44
746.40
746.77
746.94
746.79
747.82
747.89
747.34
747.04
747.33
747.31
747.35
747.84
747.83
747.39
747.37
747.88
747.36
747.86
747.40
747.43
747.87
747.42
747.38
747.96
747.90
747.46
748.74
748.35
748.34
748.42
748.36
748.41
748.02
748.39
748.38
748.69
748.92
748.44
748.40
748.08
748.46
748.93
748.95
748.97
749.37
749.35
749.89
749.38
749.09
749.36
749.90
749.88
749.41
749.13
749.92
749.40
749.05
749.98
749.48
749.22
749.45
749.47
750.37
750.83
750.32
750.76
750.40
750.34
750.03
750.39
750.41
750.90
750.92
750.45
750.43
750.91
750.74
750.38
750.44
750.89
750.16
751.87
751.37
751.38
751.89
751.84
751.39
751.43
751.93
751.40
751.92
751.41
751.44
751.65
751.71
752.83
752.36
752.37
752.35
752.39
752.87
752.40
752.38
752.62
752.13
752.90
752.43
752.34
752.75
752.01
752.17
752.89
752.91
752.33
752.47
753.33
753.34
753.82
753.69
753.38
753.41
753.92
753.37
753.39
753.48
753.45
753.71
753.42
753.47
753.97
754.82
754.86
754.37
754.87
754.38
754.44
754.21
755.33
755.08
755.35
755.69
755.05
755.42
755.11
755.36
755.41
755.86
755.88
755.10
755.43
755.02
755.89
755.93
755.40
755.85
755.38
755.65
755.75
755.44
755.06
755.79
755.97
756.35
756.37
756.71
756.83
756.42
756.89
756.13
756.86
756.36
756.00
756.39
756.91
756.85
756.41
756.40
756.04
756.06
756.07
756.19
757.80
757.82
757.37
757.41
757.70
757.04
757.42
757.39
757.86
757.38
757.90
757.60
757.67
757.44
757.35
758.83
758.87
758.37
758.35
758.36
758.92
758.38
758.39
758.80
758.43
758.41
758.85
758.76
758.78
758.86
758.46
758.45
759.33
759.87
759.85
759.37
759.72
759.39
759.42
759.90
759.92
759.34
759.86
759.95
760.35
760.34
760.38
760.88
760.91
760.41
760.12
760.73
760.39
760.06
760.93
760.87
760.05
760.36
760.94
760.89
760.90
760.42
760.48
761.90
761.36
761.34
761.35
761.37
761.86
761.85
761.41
761.14
761.68
761.39
761.47
761.13
762.83
762.33
762.88
762.37
762.86
762.42
762.43
762.41
762.64
762.74
762.72
762.40
762.70
762.92
762.09
762.97
763.59
763.90
763.88
763.38
763.34
763.40
763.93
763.39
763.47
763.73
763.43
763.65
763.41
763.94
763.11
763.36
763.44
763.45
763.78
764.31
764.85
764.39
764.71
764.88
764.38
764.93
764.90
764.87
764.34
764.05
764.42
764.74
764.40
765.71
765.87
765.40
765.38
765.74
765.89
765.42
765.85
765.97
765.06
765.41
765.36
765.90
765.39
765.95
765.43
765.88
766.67
766.04
766.33
766.37
766.38
766.36
766.40
766.86
766.92
766.32
766.39
766.43
766.35
766.73
766.89
766.74
766.96
766.87
767.83
767.72
767.34
767.87
767.84
767.38
767.35
767.36
767.40
767.89
767.39
767.94
767.44
767.43
767.88
767.65
767.73
767.13
767.74
767.45
767.08
767.93
767.47
767.46
768.83
768.35
768.88
768.39
768.90
768.06
768.89
768.04
768.92
768.87
768.86
768.75
768.38
768.77
768.03
768.70
769.42
769.88
769.33
769.90
769.71
769.38
769.39
769.45
769.40
769.93
769.48
769.65
769.92
769.08
769.47
770.87
770.85
770.40
770.35
770.42
770.36
770.66
770.07
770.38
770.92
770.02
770.90
770.06
770.43
770.74
770.39
770.80
770.47
770.98
771.34
771.89
771.87
771.38
771.93
771.91
771.85
771.86
771.94
771.90
771.84
771.36
771.74
771.72
771.41
771.44
771.88
771.37
771.96
771.11
771.78
771.23
771.45
771.46
772.33
772.39
772.36
772.37
772.38
772.42
772.86
772.45
772.94
772.41
772.49
772.82
773.31
773.84
773.38
773.34
773.43
773.41
773.91
773.15
773.88
773.45
773.44
773.76
773.35
773.05
773.42
773.73
773.13
774.89
774.87
774.38
774.86
774.33
774.39
774.41
774.72
774.84
774.40
774.35
774.45
774.75
774.95
774.12
774.91
774.44
775.32
775.35
775.38
775.42
775.93
775.36
775.43
775.37
775.04
775.67
775.90
775.44
775.76
775.99
775.49
775.48
776.84
776.37
776.71
776.33
776.39
776.35
776.36
776.91
776.11
776.38
776.41
776.94
776.10
776.73
776.77
776.83
776.03
776.46
776.14
776.22
776.48
776.96
776.47
776.59
776.25
777.37
778.00
777.36
777.85
777.94
777.34
777.40
777.61
777.35
777.41
777.38
777.06
777.42
777.39
777.92
777.63
777.69
777.68
777.98
777.25
778.13
778.05
778.37
778.79
778.34
778.40
778.87
778.43
778.36
778.88
778.78
778.35
778.33
778.39
778.93
778.65
778.63
778.83
778.75
778.96
778.23
778.57
778.25
779.36
779.84
779.38
779.41
779.34
779.44
779.92
779.89
779.39
779.37
779.78
779.91
779.17
779.42
779.08
779.43
779.45
779.95
779.46
779.13
779.21
779.57
779.25
780.53
780.82
780.32
780.35
780.72
780.38
780.87
780.02
780.41
780.40
780.89
780.36
780.44
780.46
780.91
780.90
780.47
780.97
781.91
781.38
781.39
781.60
781.34
781.36
781.89
781.33
781.70
781.90
781.06
781.07
781.45
781.42
782.36
782.41
782.37
782.69
782.86
782.39
782.88
782.72
782.35
782.90
782.95
782.40
782.44
782.77
782.49
782.89
782.57
783.90
783.60
783.88
783.38
783.37
783.36
783.44
783.95
783.46
783.92
783.40
783.72
783.87
783.39
784.04
784.85
784.89
784.88
784.40
784.90
784.46
784.87
784.45
784.39
784.74
784.66
784.93
784.38
784.97
784.49
784.73
785.89
785.04
785.39
785.36
785.06
785.90
785.40
785.44
785.37
785.47
785.94
785.38
785.97
785.46
785.07
785.14
786.70
786.31
786.34
786.37
786.16
786.33
786.90
786.75
786.47
786.42
786.39
786.43
786.92
786.93
786.38
786.67
787.86
787.38
787.60
787.37
787.72
787.43
787.39
787.89
787.42
787.87
787.95
787.07
787.40
787.90
787.67
787.09
787.45
788.72
788.40
788.89
788.83
788.37
788.78
788.43
788.41
788.88
788.47
788.45
788.77
788.42
788.46
788.99
788.98
789.35
789.85
789.89
789.39
789.37
789.40
789.87
789.86
789.90
789.45
789.95
789.08
789.41
790.35
790.89
790.83
790.36
790.92
790.45
790.41
790.37
790.95
790.48
790.82
791.70
791.05
791.36
791.90
791.38
791.06
791.10
791.39
791.47
791.40
791.43
791.66
791.89
791.73
791.94
791.13
791.48
792.66
792.36
792.08
792.40
792.39
792.87
792.35
792.44
792.60
792.41
792.37
792.45
792.47
793.00
793.39
793.32
793.37
793.93
793.89
793.84
793.41
793.87
793.45
793.40
793.90
793.44
793.80
793.66
793.42
793.79
793.97
793.25
793.48
793.50
794.85
794.84
794.36
794.07
794.92
794.91
794.39
794.69
794.40
794.41
794.89
794.15
794.18
794.06
794.95
794.42
795.62
795.89
795.84
795.41
795.32
795.37
795.42
795.40
795.15
795.77
795.43
795.66
795.46
795.91
795.95
795.94
795.74
796.83
796.69
796.35
796.39
796.40
796.44
796.89
796.06
796.88
796.42
796.45
796.95
796.79
796.94
796.74
796.08
796.49
797.90
797.41
797.37
797.38
797.91
797.87
797.39
797.28
797.11
797.93
798.00
797.89
797.50
798.05
798.35
798.41
798.95
798.36
798.39
798.47
798.77
798.45
798.17
798.40
798.75
798.23
799.38
799.03
799.72
799.36
799.94
799.93
799.41
799.43
799.45
799.86
799.39
799.40
799.80
799.11
799.46
799.48
800.00
799.82
800.83
800.33
800.40
800.34
800.05
800.88
800.87
800.84
800.36
800.41
800.42
800.45
800.43
800.38
800.47
800.94
800.86
800.64
801.61
801.11
801.05
801.39
801.41
801.40
801.44
801.45
801.43
801.90
801.74
801.99
801.49
802.87
802.39
802.88
802.45
802.44
802.97
802.72
802.71
802.43
802.48
802.49
802.99
803.84
803.36
803.43
803.05
803.40
803.41
803.86
803.39
803.89
803.38
803.88
803.47
803.37
803.14
804.38
804.42
804.88
804.44
804.37
804.43
804.95
804.39
804.90
804.94
804.89
804.47
804.93
804.25
804.76
804.00
804.50
804.52
805.37
805.08
805.85
805.44
805.41
805.38
805.46
805.39
805.45
805.50
805.36
805.12
805.89
805.86
805.43
805.92
805.16
805.49
806.35
806.33
806.84
806.34
806.40
806.04
806.38
806.42
806.72
806.39
806.06
806.90
806.09
806.91
806.41
807.00
807.88
807.91
807.43
807.42
807.35
807.46
807.63
807.39
807.93
807.38
807.48
807.45
807.40
807.80
807.44
807.41
807.47
808.89
808.87
808.91
808.38
808.41
808.44
808.92
808.94
808.42
808.93
808.78
808.43
808.19
808.10
808.40
808.77
809.35
809.05
809.41
809.11
809.94
809.90
809.40
809.71
809.36
809.87
809.38
809.44
809.22
809.88
809.77
809.24
809.96
810.09
810.95
810.89
810.35
810.38
810.42
810.08
810.41
810.94
810.93
810.84
810.36
810.92
810.99
810.79
810.40
811.35
811.10
811.85
811.33
811.87
811.39
811.43
811.09
811.08
811.40
811.38
811.17
811.89
811.44
811.90
811.79
811.88
811.45
811.63
811.46
811.42
811.84
811.49
812.01
812.37
812.38
812.71
812.45
812.92
812.85
812.08
812.42
812.40
812.43
812.44
812.95
812.76
812.94
812.41
812.90
813.35
813.85
813.34
813.03
813.95
813.88
813.93
813.39
813.38
813.72
813.40
813.37
813.09
813.96
813.50
813.64
814.85
814.05
814.90
814.43
814.41
814.37
814.39
814.40
814.45
814.36
814.46
814.50
814.49
814.16
815.41
815.90
815.87
815.42
815.40
815.16
815.92
815.94
815.43
815.93
815.98
815.49
815.85
815.51
815.26
815.83
815.76
816.89
816.40
816.93
816.43
816.42
816.08
816.91
816.38
816.45
816.79
816.94
816.76
816.81
816.84
816.51
817.40
817.39
817.45
817.44
817.38
817.91
817.41
817.87
817.10
817.42
817.92
817.79
817.97
817.47
817.94
817.43
817.75
817.18
818.86
818.38
818.40
818.89
818.93
818.92
818.42
818.96
818.77
818.39
818.45
818.94
818.50
819.00
818.23
819.90
819.89
819.38
819.41
819.43
819.40
819.87
819.39
819.46
819.37
819.08
819.47
819.94
819.95
819.96
819.51
820.40
820.37
820.39
820.42
820.65
820.12
820.38
820.36
820.92
820.87
820.07
820.46
820.89
820.91
820.88
820.43
820.49
820.01
820.50
820.17
820.99
821.87
821.90
821.40
821.89
821.42
821.47
821.93
821.76
821.38
821.03
821.45
821.43
821.49
821.78
822.80
822.37
822.94
822.95
822.91
822.89
822.39
822.41
822.40
822.43
822.12
822.49
822.71
822.09
822.45
822.79
822.44
822.83
822.26
822.01
823.37
823.41
823.42
823.39
823.38
823.91
823.11
823.40
823.93
823.88
823.90
823.94
823.98
823.45
824.58
824.12
824.36
824.88
824.37
824.45
824.42
824.89
824.86
824.91
824.44
824.93
824.09
824.21
824.46
824.22
824.94
824.35
825.00
824.50
825.90
825.87
825.37
825.39
825.95
825.97
825.93
825.42
825.92
825.11
825.91
825.47
825.86
826.89
826.40
826.87
826.88
826.38
826.39
826.17
826.42
826.47
826.12
826.10
826.41
826.37
826.44
826.98
826.27
826.18
826.52
826.26
826.29
826.53
826.03
826.28
827.61
827.41
827.43
827.34
827.38
827.42
827.93
827.95
827.94
827.46
827.99
828.89
828.87
828.37
828.94
828.90
828.38
828.42
828.41
828.76
828.92
828.45
828.48
828.46
828.93
828.80
828.91
828.52
829.36
829.42
829.41
829.44
829.43
829.74
829.46
830.88
830.40
830.43
830.46
830.90
830.85
830.39
830.02
830.49
830.48
831.40
831.37
831.97
831.44
831.90
831.39
831.95
831.45
831.42
831.41
831.71
831.50
831.47
831.98
831.25
832.86
832.07
832.39
832.36
832.41
832.91
832.92
832.42
832.18
832.78
832.45
832.43
832.87
832.46
832.48
832.51
833.38
833.41
833.42
833.93
833.45
833.14
833.44
833.88
833.39
833.09
833.01
833.51
834.88
834.89
834.76
834.95
834.41
834.42
834.43
834.96
834.97
834.80
834.84
835.70
835.89
835.91
835.82
835.92
835.38
835.39
835.41
835.94
835.42
835.46
835.99
835.49
835.95
835.45
835.44
835.47
835.51
835.58
836.03
836.36
836.37
836.73
836.38
836.42
836.41
836.39
836.40
836.93
836.13
836.94
836.45
836.89
836.08
836.91
837.41
837.91
837.90
837.44
837.40
837.45
837.49
837.15
837.77
837.02
837.27
837.52
837.53
838.37
838.35
838.94
838.98
838.93
838.39
838.46
838.42
838.19
838.76
838.11
838.38
838.45
838.40
838.12
838.44
839.37
839.94
839.74
839.91
839.88
839.95
839.41
839.97
839.15
839.89
839.42
839.47
839.99
839.50
839.76
840.64
840.37
840.35
840.02
840.89
840.84
840.88
840.42
840.43
840.93
840.40
840.87
840.47
840.12
840.11
840.91
840.38
840.96
840.49
841.41
841.10
841.91
841.92
841.95
841.73
841.90
841.38
841.49
841.36
841.48
841.99
841.11
841.53
841.52
842.61
842.89
842.43
842.46
842.91
842.94
842.44
842.68
842.92
842.48
842.39
842.93
842.11
842.40
842.97
842.49
842.96
842.17
842.50
842.03
842.26
842.34
843.71
843.41
843.38
843.39
843.40
843.88
843.45
843.95
843.97
843.91
843.04
843.07
843.96
843.15
843.43
843.98
843.48
843.76
843.12
843.84
844.94
844.91
844.40
844.92
844.43
844.89
844.36
844.38
844.87
844.85
844.44
844.69
844.48
844.47
844.45
844.49
844.27
844.18
845.66
845.91
845.41
845.40
845.79
845.43
845.99
845.90
845.44
845.42
845.45
845.92
845.96
846.05
846.42
846.45
846.91
846.96
846.87
846.40
846.03
846.44
846.99
846.43
846.41
846.51
847.85
847.41
847.92
847.39
847.86
847.42
847.95
847.45
847.90
847.48
847.43
847.98
847.44
848.92
848.90
848.89
848.93
848.39
848.94
848.67
848.42
848.99
848.36
848.95
848.97
848.96
848.03
848.45
848.49
848.17
848.28
848.46
848.53
849.07
849.38
849.86
849.89
849.40
849.36
849.47
849.44
849.73
849.12
849.43
849.16
849.49
849.15
849.52
849.85
850.89
850.88
850.43
850.90
850.44
850.36
850.95
850.97
850.39
850.47
850.40
850.93
850.92
850.82
850.98
850.96
850.52
851.39
851.46
851.89
851.41
851.95
851.45
851.88
851.12
851.40
851.31
851.02
852.86
852.85
852.37
852.36
852.39
852.45
852.47
852.44
852.17
852.72
852.88
852.69
852.93
852.94
852.42
852.43
853.92
853.36
853.42
853.39
853.43
853.40
853.93
853.73
853.45
853.94
853.27
853.00
854.70
854.62
854.87
854.85
854.45
854.92
854.38
854.40
854.43
854.90
854.94
854.49
854.93
854.78
854.41
854.60
855.39
855.42
855.40
855.78
855.43
855.14
855.46
855.36
855.09
855.76
855.44
855.77
855.16
855.49
855.98
855.45
855.52
855.27
855.60
855.68
855.18
856.94
856.91
856.92
856.42
856.45
856.09
856.41
856.88
856.95
856.44
856.89
856.43
856.90
856.51
856.48
857.08
857.09
857.35
857.89
857.40
857.42
857.44
857.90
857.94
857.98
857.79
857.49
857.95
857.17
857.52
857.38
858.40
858.37
858.34
858.39
858.72
858.92
858.94
858.45
858.47
858.42
858.33
859.00
858.82
858.93
858.95
858.52
858.17
859.85
859.74
859.90
859.41
859.40
859.92
859.72
859.44
859.46
859.38
859.42
859.86
859.78
859.06
859.36
859.79
859.12
859.07
859.50
859.15
859.29
859.28
859.54
859.30
859.55
859.05
859.80
860.85
860.40
860.38
860.41
860.44
860.96
860.43
861.00
860.47
860.42
860.93
860.94
860.97
860.95
861.88
861.33
861.36
861.78
861.75
861.91
861.41
861.43
861.47
861.39
861.96
862.14
862.88
862.64
862.70
862.78
862.85
862.39
862.10
862.89
862.42
862.46
862.44
862.47
862.49
862.13
862.45
862.51
863.38
863.46
863.00
863.42
863.96
863.97
863.93
863.39
863.50
863.47
863.43
863.07
863.54
863.53
864.12
864.38
864.45
864.93
864.95
864.46
864.41
864.39
864.01
864.88
864.99
864.40
864.00
864.87
864.75
864.90
864.74
864.98
864.04
864.20
864.27
864.52
865.13
865.44
865.85
865.39
865.45
865.96
865.46
865.16
865.48
865.00
866.85
866.88
866.99
866.39
866.43
866.74
866.45
866.44
866.95
866.93
866.97
866.96
866.29
867.35
867.44
867.09
867.90
867.39
867.45
867.42
867.72
867.92
867.94
867.41
867.97
867.98
867.37
867.46
867.96
867.51
867.48
867.13
867.77
867.93
867.50
867.52
868.33
868.92
868.90
868.37
868.44
868.97
868.46
868.79
868.13
868.94
868.84
868.52
868.53
869.91
869.42
869.44
869.65
869.94
869.48
869.81
869.72
869.98
869.99
869.41
869.96
869.97
869.18
869.46
869.03
870.93
870.42
870.05
870.44
870.09
870.77
870.47
870.07
871.00
870.29
870.54
870.55
870.04
870.31
871.05
871.76
871.43
871.90
871.49
871.50
871.42
871.44
872.92
872.45
872.95
872.48
872.43
872.98
872.91
872.93
872.86
872.99
872.54
873.92
873.45
873.90
873.95
873.96
873.00
873.05
873.46
873.43
873.47
873.44
874.89
874.91
874.44
874.96
874.10
874.76
874.45
874.51
874.50
875.88
875.69
875.99
875.42
875.95
875.45
875.94
875.40
875.84
875.01
875.53
876.40
876.44
876.11
876.43
876.42
876.45
876.95
876.49
876.96
876.03
876.94
876.06
876.99
876.52
877.64
877.43
877.91
877.42
877.44
877.00
877.40
877.17
877.54
877.04
878.44
878.42
878.95
878.46
878.93
878.94
878.96
878.45
878.39
878.51
878.41
879.40
879.39
879.42
879.90
879.41
879.99
879.94
879.05
879.48
879.51
879.93
879.96
879.97
879.01
879.16
879.79
880.95
880.43
880.47
880.46
880.98
880.93
880.50
880.85
880.92
880.52
881.72
881.43
881.75
881.89
881.92
881.40
881.94
881.51
881.46
881.39
881.45
881.44
881.95
881.48
881.98
881.97
881.18
881.52
881.54
881.30
881.80
881.55
881.05
881.57
881.32
882.88
882.96
882.39
882.01
882.42
882.50
882.45
882.38
882.43
882.49
883.88
883.95
883.12
883.46
883.42
883.77
883.08
884.97
884.43
884.91
884.93
884.45
884.46
884.98
884.49
884.50
884.54
885.88
885.47
885.95
885.40
885.94
885.41
885.45
885.71
885.78
885.20
885.49
885.50
885.48
885.53
885.02
885.55
886.13
886.36
886.93
886.96
886.39
886.45
886.48
886.94
886.49
886.47
886.51
886.15
886.43
886.52
886.05
886.54
886.80
887.62
887.48
887.88
887.95
887.79
887.74
887.98
887.99
888.40
888.94
888.41
888.43
888.90
888.96
888.45
888.50
888.83
888.47
888.46
888.44
888.76
888.51
888.48
888.17
888.97
888.30
889.88
889.42
889.94
889.47
889.39
889.46
889.93
889.90
889.45
889.48
889.86
890.96
890.69
890.42
890.89
890.91
890.94
890.44
890.39
890.40
890.49
890.93
890.97
890.95
890.54
891.40
891.46
891.11
891.97
891.86
891.90
891.47
891.41
891.50
891.98
891.44
891.04
891.53
892.90
892.44
892.48
892.46
892.45
892.41
892.10
892.94
892.31
892.56
892.81
892.57
893.13
893.95
893.43
893.92
893.40
893.46
893.45
893.12
893.47
893.54
893.98
893.44
893.80
893.42
893.83
893.75
893.08
893.41
893.50
893.86
893.53
894.93
894.43
894.46
894.42
894.44
894.96
894.87
894.52
894.95
894.97
894.55
894.67
894.76
894.40
894.90
895.95
895.45
895.42
895.46
895.49
895.44
895.43
895.41
895.13
895.52
895.48
896.87
896.41
896.09
896.43
896.44
896.07
896.40
896.95
896.45
896.96
896.48
896.97
896.80
896.49
897.87
897.93
897.43
897.92
897.42
897.46
897.12
897.41
897.45
897.49
897.90
897.81
897.51
897.14
898.91
898.95
898.38
898.43
898.46
898.42
898.47
898.40
898.82
899.92
899.44
899.97
899.49
899.93
899.94
899.45
899.43
899.95
899.80
899.13
899.91
899.00
899.99
899.42
899.09
899.54
899.55
900.40
900.93
900.50
900.95
900.45
900.46
900.13
900.54
901.96
901.89
901.46
901.45
901.39
901.92
901.48
902.00
901.74
902.07
902.47
902.95
902.45
902.41
902.99
902.46
902.77
902.84
903.00
902.44
903.38
903.88
903.94
903.46
903.90
903.93
903.47
903.56
903.31
903.81
903.57
904.43
904.93
904.44
904.94
904.48
904.92
904.46
904.95
904.07
904.47
904.84
904.30
905.45
905.40
905.14
905.50
905.88
905.52
905.84
905.81
906.07
906.86
906.37
906.01
906.93
906.92
906.96
906.42
906.41
906.46
906.15
906.18
906.54
907.92
907.43
907.46
907.99
907.45
907.48
907.96
907.56
908.62
908.04
908.44
908.48
908.98
908.41
908.96
908.45
908.01
908.97
908.20
908.07
908.55
909.91
909.95
909.46
909.44
909.49
909.41
909.50
909.47
909.43
909.09
909.42
909.04
909.78
910.93
910.43
910.97
910.46
910.01
910.41
910.52
910.47
910.11
910.99
910.50
910.31
911.88
911.38
911.37
911.93
911.41
911.50
911.92
911.20
911.48
911.44
911.39
911.72
911.42
911.43
912.87
912.93
912.45
912.78
912.46
913.00
912.82
912.53
912.41
912.52
912.02
912.05
912.56
912.75
912.97
912.20
912.55
913.74
913.39
913.93
913.44
913.47
913.46
913.50
913.96
913.45
913.08
913.48
913.05
914.89
914.88
914.08
914.42
914.43
914.45
914.98
914.13
914.48
914.52
914.93
914.94
914.02
914.18
914.99
914.32
914.07
914.57
914.82
914.33
914.84
915.39
915.65
915.43
915.45
915.08
915.17
915.46
915.41
915.98
915.78
915.49
915.54
915.55
916.89
916.87
916.13
916.91
916.52
916.97
916.46
916.99
916.44
916.50
916.04
916.83
916.57
917.42
917.39
917.50
917.47
917.96
917.99
917.44
917.03
917.12
917.86
917.93
917.00
917.16
917.54
918.38
918.44
918.46
918.40
918.97
918.95
918.51
918.50
918.75
918.99
918.53
919.41
919.49
919.20
919.80
919.47
919.48
919.43
919.94
919.45
919.12
919.81
919.97
920.46
920.47
920.40
920.51
920.87
920.54
920.21
921.89
921.92
921.95
921.52
921.13
921.47
921.14
921.01
921.55
921.08
921.07
921.57
921.06
921.56
922.43
922.52
922.40
922.68
922.44
922.98
922.49
922.00
923.89
923.99
923.43
923.47
923.93
924.00
923.19
924.45
924.44
924.46
924.50
924.98
924.09
924.55
924.08
925.93
925.43
925.44
925.47
925.97
925.42
925.45
925.76
925.02
925.57
925.32
925.33
925.58
925.83
926.16
926.18
926.40
926.07
926.96
926.44
926.95
926.48
926.45
926.47
926.93
926.99
927.96
927.44
927.51
927.94
927.46
927.47
927.95
927.52
927.03
927.91
927.02
927.98
928.41
928.45
928.44
928.47
928.98
928.42
928.53
928.03
928.00
928.01
929.97
929.43
929.42
929.51
929.47
929.44
929.52
929.58
930.75
930.95
930.92
930.93
930.97
930.98
930.02
930.01
930.52
930.48
930.08
931.42
931.41
931.94
931.47
931.93
931.39
931.48
931.01
931.89
931.92
931.99
931.46
931.86
932.98
932.47
932.02
932.45
932.96
932.44
932.50
932.49
933.94
933.88
933.75
933.49
933.51
933.52
933.84
933.86
934.38
934.10
934.49
934.97
934.56
935.99
935.91
935.47
935.79
935.52
935.43
935.53
935.98
936.00
935.07
936.94
936.87
936.43
936.98
936.91
936.89
936.96
936.47
936.49
936.71
936.51
936.02
936.06
936.83
936.58
936.33
937.97
937.13
937.14
937.48
937.83
937.43
938.00
937.47
937.93
937.00
937.49
938.40
938.39
938.45
938.06
938.95
938.44
938.83
938.92
938.94
939.41
939.94
939.45
939.98
939.47
939.89
939.96
939.42
939.53
939.46
939.44
939.01
939.86
940.55
940.88
940.79
940.44
940.48
940.02
940.13
940.46
940.53
940.19
940.20
941.93
941.39
941.19
941.51
941.95
941.04
941.03
942.49
942.50
942.01
942.00
942.04
943.72
943.44
943.47
943.68
943.46
943.43
943.98
943.45
943.52
943.96
943.03
943.93
943.57
944.05
944.43
944.96
944.49
944.42
944.89
944.98
944.13
944.20
944.51
944.48
944.01
945.40
945.45
945.47
945.92
945.01
945.94
945.98
945.52
945.04
945.93
945.43
946.00
945.96
945.03
945.53
946.90
946.44
946.94
946.01
947.43
947.46
947.47
947.72
947.48
947.52
947.59
947.34
947.56
948.77
948.39
948.98
948.48
948.08
948.95
948.52
948.15
948.47
948.96
949.43
950.00
949.00
949.50
949.96
949.51
949.99
949.90
949.45
950.52
950.94
950.44
950.42
950.93
950.49
950.54
950.43
950.89
950.87
950.03
951.41
951.88
951.44
951.01
951.52
951.06
951.97
952.46
952.78
952.47
952.50
952.98
952.51
952.93
952.43
952.44
952.86
952.52
953.92
953.46
953.26
953.42
953.08
953.47
953.87
954.02
954.52
954.49
954.45
954.01
954.47
954.93
954.15
954.86
955.44
955.49
955.50
955.02
955.93
955.24
955.45
955.81
955.20
955.40
956.43
956.50
956.93
956.45
956.55
956.48
956.58
956.08
957.94
957.50
957.52
957.93
957.19
957.96
957.46
957.79
957.44
957.07
957.08
958.44
958.95
958.47
958.52
958.94
958.48
958.45
958.00
958.53
958.55
958.59
958.02
958.35
958.60
959.88
959.94
959.04
959.54
959.97
959.52
959.48
959.99
959.01
959.47
959.53
959.28
960.46
960.42
960.97
960.99
960.06
961.00
960.59
961.97
961.49
961.89
961.95
961.46
961.96
961.04
962.88
962.47
962.46
962.09
962.98
962.44
962.99
962.95
962.52
962.49
963.00
962.50
963.48
963.76
963.73
963.03
963.50
963.28
964.81
964.39
964.94
964.84
964.04
965.94
965.48
965.50
965.04
965.09
965.60
965.06
966.68
966.16
966.46
966.20
966.76
966.51
966.02
966.99
966.53
966.52
966.22
967.95
967.46
967.97
967.47
967.16
967.43
967.03
967.02
968.39
968.77
968.16
968.45
968.97
968.43
968.99
969.47
969.46
969.74
969.98
969.54
969.39
969.06
969.96
969.53
969.02
969.85
969.35
970.46
970.43
971.00
970.49
970.94
970.99
970.41
971.50
971.12
971.53
971.05
971.49
971.51
971.89
972.08
972.93
972.89
972.00
972.98
972.51
972.97
973.39
973.09
973.53
973.99
973.45
973.22
973.46
973.06
974.51
974.44
974.99
974.01
974.52
974.45
974.06
975.53
975.97
975.47
975.50
975.46
975.48
975.49
975.99
976.00
975.02
976.94
976.98
976.51
976.49
976.88
976.03
976.56
977.44
977.00
977.55
977.53
977.49
978.00
977.97
977.42
977.56
978.50
978.48
978.49
978.43
978.98
978.01
978.08
978.27
978.09
978.58
979.44
979.43
979.47
979.52
979.48
980.00
979.56
979.99
979.04
979.05
979.09
980.75
980.48
980.84
980.02
980.24
980.50
981.00
980.61
980.36
981.44
981.78
981.47
981.49
981.06
981.50
981.05
981.54
982.44
982.45
982.47
982.49
982.95
982.52
982.51
982.56
983.94
983.47
983.51
983.48
983.08
983.02
983.89
983.97
984.52
984.00
984.03
984.53
984.57
984.23
984.07
985.51
985.96
985.91
985.12
985.53
985.07
985.95
985.54
986.00
985.42
985.86
986.37
986.16
986.50
986.03
986.05
986.96
986.40
986.49
986.48
986.06
986.56
986.88
986.55
987.96
987.00
988.00
987.49
987.98
987.22
987.47
987.51
987.60
988.50
988.03
989.00
988.57
988.05
989.07
989.47
989.48
989.57
989.13
990.35
990.95
990.52
990.93
990.51
990.76
990.84
990.01
991.48
991.47
991.99
991.58
991.49
991.89
991.86
991.60
991.92
991.37
992.78
992.46
992.51
992.02
992.00
992.52
992.49
992.55
992.90
992.59
992.09
992.23
992.95
992.56
993.92
993.45
993.43
993.40
993.49
993.53
993.08
993.93
993.48
993.28
993.30
994.18
994.42
994.97
994.02
994.80
994.45
994.03
994.48
995.50
995.02
995.94
995.55
996.51
996.05
996.56
996.27
997.02
997.42
997.44
997.90
998.96
998.47
998.51
998.49
998.14
998.53
998.04
999.50
999.47
1000.00
999.48
999.51
999.55
999.03
999.88
1000.48
1000.47
1000.51
1000.14
1000.38
1000.07
1000.24
1000.31
1001.52
1001.45
1002.95
1002.51
1002.49
1002.48
1002.47
1002.52
1002.50
1002.23
1002.09
1002.04
1002.03
1002.54
1002.37
1003.47
1003.49
1004.00
1003.99
1003.55
1003.40
1003.44
1003.08
1003.52
1003.25
1003.04
1003.22
1004.48
1004.49
1004.52
1004.90
1004.56
1005.48
1005.50
1005.46
1005.94
1005.43
1005.54
1005.08
1005.93
1005.61
1006.15
1006.97
1006.43
1006.03
1006.94
1006.98
1006.92
1007.48
1007.53
1007.07
1007.97
1007.54
1007.91
1007.51
1007.58
1007.63
1008.94
1008.46
1008.49
1008.03
1008.52
1008.56
1008.04
1008.01
1008.06
1008.51
1008.25
1009.49
1009.46
1009.98
1009.48
1009.07
1009.99
1009.52
1009.59
1009.50
1009.87
1010.97
1010.00
1010.52
1010.24
1010.98
1010.54
1010.43
1010.57
1011.50
1011.51
1011.01
1011.46
1011.99
1011.90
1011.55
1011.52
1011.98
1011.08
1011.24
1011.60
1011.56
1012.94
1012.50
1012.09
1013.45
1013.81
1013.94
1013.05
1013.55
1013.52
1013.47
1013.42
1013.49
1013.57
1013.88
1014.91
1014.47
1014.98
1014.53
1014.77
1014.54
1014.56
1015.91
1015.58
1015.53
1015.59
1016.95
1016.58
1016.19
1016.02
1016.10
1016.57
1016.01
1017.97
1017.20
1017.49
1017.45
1018.00
1017.47
1017.53
1017.99
1018.43
1018.46
1018.49
1018.48
1018.99
1019.24
1019.90
1019.52
1019.08
1019.95
1019.10
1021.00
1020.53
1020.13
1020.49
1020.50
1020.58
1020.99
1021.52
1021.01
1021.93
1021.58
1021.04
1021.51
1022.44
1022.55
1022.18
1022.51
1022.56
1022.54
1022.60
1022.30
1022.32
1023.20
1023.06
1023.96
1023.98
1023.52
1023.07
1023.57
1023.23
1024.98
1024.00
1024.51
1024.99
1024.61
1024.92
1025.20
1025.78
1025.06
1025.51
1026.05
1026.39
1027.00
1026.53
1026.52
1026.92
1026.02
1026.47
1026.50
1026.93
1027.01
1027.98
1027.08
1027.48
1027.06
1027.94
1027.60
1027.59
1027.09
1028.56
1028.91
1028.55
1029.77
1029.48
1029.87
1029.06
1029.92
1029.10
1029.27
1030.51
1030.99
1030.04
1030.53
1030.98
1030.47
1030.96
1030.97
1031.46
1032.00
1032.46
1032.59
1032.01
1033.01
1033.40
1033.91
1033.00
1033.89
1034.50
1034.99
1034.01
1034.26
1034.62
1034.95
1035.92
1035.98
1035.49
1035.00
1035.53
1036.49
1036.46
1036.97
1036.14
1036.44
1036.55
1036.53
1036.62
1036.98
1037.48
1037.61
1037.49
1038.42
1038.11
1038.95
1038.61
1038.81
1039.48
1039.50
1039.97
1040.01
1040.60
1040.56
1040.98
1040.22
1040.05
1041.47
1041.04
1041.99
1041.59
1041.54
1042.49
1042.44
1042.10
1043.15
1043.78
1043.56
1043.04
1044.99
1044.55
1044.18
1044.03
1044.96
1044.29
1044.27
1045.51
1045.53
1046.99
1046.51
1046.25
1046.60
1047.47
1047.91
1047.08
1047.48
1047.52
1047.02
1048.04
1049.00
1049.21
1049.97
1049.09
1050.14
1050.11
1050.06
1050.51
1051.01
1051.06
1051.43
1051.99
1051.65
1051.98
1052.59
1052.50
1052.60
1053.45
1053.52
1053.94
1053.44
1053.53
1053.95
1053.06
1054.03
1054.62
1054.58
1055.79
1055.87
1055.01
1055.54
1055.05
1056.42
1056.02
1056.75
1056.04
1056.05
1056.54
1058.00
1057.94
1057.53
1057.06
1057.13
1058.02
1058.53
1058.19
1058.57
1058.08
1058.56
1059.54
1059.60
1060.93
1060.20
1060.99
1060.75
1060.56
1061.03
1061.55
1061.52
1062.50
1062.53
1062.62
1062.06
1062.57
1063.04
1063.49
1063.55
1063.53
1063.91
1063.57
1063.90
1063.05
1063.48
1063.03
1063.63
1063.07
1064.02
1064.51
1064.55
1064.57
1064.56
1064.03
1064.94
1064.44
1064.62
1064.48
1065.64
1065.48
1066.47
1066.97
1066.57
1066.26
1066.93
1066.33
1066.66
1067.52
1068.62
1068.53
1068.52
1069.38
1069.04
1069.50
1069.46
1069.97
1069.53
1069.98
1069.02
1069.91
1070.51
1070.54
1070.29
1070.48
1070.56
1070.62
1071.50
1071.00
1071.43
1071.56
1071.92
1071.64
1071.58
1072.58
1072.55
1072.12
1073.46
1073.12
1073.13
1073.07
1074.49
1074.02
1074.56
1074.13
1075.50
1075.99
1075.08
1075.03
1075.65
1076.14
1076.26
1077.12
1077.25
1077.95
1077.55
1077.06
1078.96
1078.45
1078.48
1078.13
1079.53
1079.06
1079.50
1079.01
1079.63
1080.48
1081.55
1081.52
1081.64
1081.63
1081.03
1081.62
1081.34
1081.10
1081.15
1082.47
1082.63
1082.07
1082.55
1082.64
1083.53
1083.99
1083.03
1083.46
1083.14
1084.51
1084.05
1084.02
1084.50
1084.49
1085.54
1085.31
1086.57
1086.55
1086.62
1086.65
1087.97
1087.90
1087.55
1087.57
1087.14
1087.44
1088.56
1088.01
1088.13
1088.41
1089.49
1089.55
1089.59
1089.61
1089.12
1090.59
1090.99
1090.63
1090.54
1090.12
1090.11
1091.11
1091.46
1091.13
1091.97
1091.50
1091.65
1091.12
1092.04
1092.02
1092.57
1092.09
1092.15
1092.65
1092.16
1093.52
1093.48
1093.01
1093.64
1094.28
1094.53
1094.95
1094.04
1095.57
1095.55
1095.11
1095.65
1095.68
1096.02
1096.55
1097.59
1097.93
1097.12
1097.38
1098.49
1098.83
1098.94
1098.54
1098.63
1098.05
1098.14
1099.97
1099.00
1099.16
1100.53
1100.13
1100.66
1100.05
1100.17
1101.04
1101.23
1101.08
1101.63
1101.44
1102.54
1102.51
1103.51
1103.61
1104.16
1104.54
1104.63
1104.13
1104.46
1105.99
1106.50
1106.51
1106.12
1107.42
1107.95
1107.62
1107.06
1107.56
1107.37
1107.12
1108.47
1108.55
1108.09
1108.28
1108.65
1109.51
1109.58
1109.57
1109.61
1109.14
1109.59
1110.48
1110.52
1110.95
1110.35
1111.64
1111.55
1113.00
1112.58
1112.64
1113.89
1113.17
1114.56
1114.50
1114.57
1114.01
1114.10
1114.72
1116.95
1116.56
1116.28
1117.62
1117.65
1117.14
1117.64
1118.95
1118.09
1118.60
1118.61
1119.99
1119.56
1119.67
1120.54
1121.56
1121.59
1121.04
1122.53
1122.78
1122.01
1122.20
1123.02
1123.06
1123.57
1123.11
1124.69
1125.93
1125.16
1125.36
1126.65
1126.15
1127.21
1127.95
1127.01
1127.52
1127.43
1128.52
1128.11
1129.50
1132.07
1132.33
1132.93
1132.65
1132.08
1133.09
1135.56
1135.53
1136.06
1136.54
1137.46
1137.66
1137.44
1139.07
1139.70
1140.86
1140.08
1140.07
1142.07
1142.57
1143.55
1144.66
1145.08
1145.66
1145.01
1145.17
1145.05
1146.90
1147.08
1148.56
1148.13
1149.60
1149.51
1149.17
1150.60
1150.12
1150.54
1151.56
1151.49
1151.55
1151.54
1152.33
1152.62
1153.18
1153.59
1154.07
1154.57
1154.71
1154.38
1155.99
1155.29
1155.28
1155.05
1156.11
1156.65
1156.66
1158.18
1160.17
1160.19
1161.08
1162.53
1162.64
1163.68
1163.70
1164.04
1164.67
1165.85
1165.51
1165.05
1165.55
1165.67
1166.12
1166.53
1166.03
1167.01
1167.63
1167.49
1167.53
1168.92
1168.93
1168.08
1168.60
1168.16
1168.69
1169.52
1169.90
1170.00
1169.06
1169.05
1170.57
1170.07
1171.55
1171.08
1171.10
1171.58
1173.00
1173.68
1174.54
1174.97
1175.52
1175.56
1176.48
1176.04
1177.09
1179.08
1179.01
1179.06
1179.51
1181.69
1182.19
1183.98
1183.16
1183.62
1183.73
1184.49
1184.99
1185.53
1185.97
1185.30
1187.09
1187.53
1188.16
1188.04
1188.02
1189.99
1189.98
1189.48
1190.10
1190.49
1193.56
1194.11
1195.03
1195.08
1198.00
1198.50
1198.73
1199.07
1202.94
1202.11
1202.65
1204.55
1206.58
1206.03
1206.08
1206.47
1207.68
1207.72
1208.21
1209.57
1209.05
1209.55
1211.65
1212.07
1213.07
1213.06
1213.41
1214.02
1216.94
1217.12
1218.99
1218.34
1222.53
1222.95
1222.87
1225.15
1225.21
1226.69
1227.65
1229.59
1230.52
1234.24
1237.53
1238.64
1240.12
1240.07
1240.57
1243.05
1243.64
1244.07
1245.03
1247.56
1248.59
1249.08
1249.58
1251.02
1251.69
1252.10
1254.53
1257.10
1263.52
1263.24
1264.06
1268.04
1268.61
1268.18
1271.76
1272.19
1273.31
1273.64
1273.23
1274.60
1276.21
1276.69
1278.05
1278.59
1279.38
1281.75
1282.10
1282.24
1284.93
1289.07
1289.16
1291.21
1294.58
1294.60
1296.61
1301.10
1302.61
1303.09
1304.10
1305.13
1309.07
1314.90
1315.39
1317.07
1320.77
1320.27
1323.25
1326.08
1326.62
1328.07
1329.70
1332.26
1336.16
1337.64
1339.69
1339.65
1339.62
1339.79
1339.11
1340.12
1345.18
1348.63
1348.13
1348.14
1348.80
1355.10
1358.71
1366.58
1368.63
1369.12
1377.64
1378.21
1379.66
1381.61
1386.25
1386.14
1409.29
1417.80
1418.30
1426.82
1426.31
1475.80
1475.34
1487.34
1487.84
1489.59
1495.85
1690.15
1752.85
1753.53
