350.70
350.21
350.20
351.25
352.53
352.72
357.52
357.22
357.71
358.70
358.55
359.03
359.85
359.22
360.20
360.24
360.74
360.55
361.56
361.46
361.70
361.19
361.21
361.22
361.89
361.73
362.54
362.69
362.86
362.87
362.20
362.88
362.23
362.77
362.22
363.79
363.22
363.21
363.71
364.20
364.73
364.24
364.55
364.87
364.22
364.72
365.73
365.17
365.88
365.20
365.68
365.24
366.88
366.25
366.71
366.23
367.85
367.86
367.54
367.21
367.22
367.71
367.17
368.45
368.88
368.25
369.21
370.74
370.19
371.10
371.24
371.79
372.23
373.55
373.23
373.20
373.22
374.52
374.20
374.71
374.74
374.21
374.70
374.73
374.55
375.45
375.88
375.47
375.85
375.96
375.53
375.70
375.22
375.24
375.89
375.54
375.72
376.15
376.86
376.54
376.24
376.22
376.95
376.87
376.21
376.74
376.79
376.72
377.52
377.22
377.87
377.75
377.20
377.97
377.73
377.72
377.74
378.21
378.72
378.19
378.20
378.25
378.89
378.95
378.55
378.71
378.23
379.08
379.26
379.95
379.21
379.85
379.89
379.43
379.72
379.88
379.24
379.25
379.22
379.74
380.19
380.21
380.72
380.24
380.23
380.22
380.20
381.22
381.45
381.57
381.52
381.89
381.87
381.73
381.21
381.19
381.70
381.78
382.47
382.46
382.22
382.23
382.72
382.21
382.26
382.20
382.55
382.73
382.56
383.95
383.22
383.90
383.56
383.54
383.72
383.79
384.81
384.20
384.88
384.73
384.71
384.24
385.56
385.87
385.20
385.85
385.91
385.75
385.21
385.26
385.24
386.53
386.24
386.55
386.20
386.21
386.25
386.74
387.15
387.53
387.25
387.89
387.55
387.57
387.24
387.80
388.18
388.71
388.47
388.22
388.23
388.90
388.92
388.84
388.55
388.72
388.25
388.24
388.79
389.74
389.23
389.22
389.21
389.91
389.73
390.22
390.88
390.80
391.28
391.55
391.25
391.73
391.72
391.23
391.21
391.74
391.89
392.95
392.74
392.72
392.91
392.89
392.90
392.21
392.55
392.25
392.75
393.53
393.71
393.22
393.76
393.73
393.88
393.24
393.80
394.55
394.86
394.20
394.21
394.23
394.74
394.00
394.71
394.25
394.85
395.54
395.57
395.48
395.98
395.20
395.18
395.22
395.88
395.23
395.89
395.76
395.51
395.91
395.92
395.24
395.19
395.21
395.79
395.13
396.89
396.22
396.21
396.30
396.57
396.72
396.90
396.55
396.73
396.91
396.25
396.80
396.81
397.53
397.86
397.20
397.70
397.23
397.21
397.47
397.89
397.58
397.19
397.24
397.28
398.76
398.89
398.24
398.77
398.70
398.21
398.98
398.23
398.22
398.57
398.47
398.72
398.90
398.80
399.46
399.57
399.78
399.53
399.98
399.21
399.90
399.26
399.74
399.76
399.91
399.77
399.79
399.24
400.56
400.24
400.72
400.22
400.21
400.46
400.26
400.77
400.91
400.25
401.67
401.16
401.70
401.71
401.53
401.25
401.54
401.74
401.23
401.56
401.89
401.87
401.24
401.21
401.73
401.26
402.95
402.22
402.43
402.47
402.21
402.98
402.23
402.70
402.25
402.26
402.31
403.56
403.72
403.20
403.46
403.98
403.57
403.22
403.49
403.24
403.73
404.15
404.23
404.27
404.71
404.73
404.19
404.25
404.72
404.58
404.22
404.88
404.48
404.80
404.24
405.73
405.69
405.97
405.20
405.23
405.58
405.22
405.76
405.88
405.24
405.25
405.47
405.98
405.91
405.31
405.79
405.26
406.23
406.72
406.71
406.88
406.70
406.22
406.24
406.76
406.75
406.56
406.20
406.92
406.25
407.45
407.89
407.23
407.46
407.71
407.24
407.27
407.22
407.74
407.26
407.20
407.25
408.79
408.46
408.21
408.43
408.55
408.70
408.47
408.22
408.25
408.23
408.85
408.24
408.54
408.75
408.76
408.74
408.27
408.73
408.92
408.81
409.89
409.96
409.91
409.73
409.68
409.97
409.20
409.57
409.87
409.47
409.74
409.22
409.58
409.66
409.24
409.23
409.71
409.16
410.55
410.54
410.21
410.24
410.95
410.56
410.89
410.58
410.70
410.75
410.23
410.90
410.98
410.97
411.97
411.71
411.24
411.56
411.45
411.23
411.90
411.73
411.20
411.22
411.98
411.21
411.49
411.25
412.56
412.21
412.92
412.72
412.57
412.27
412.20
412.22
412.29
412.26
412.90
412.24
412.75
412.30
412.80
413.27
413.46
413.22
413.23
413.57
413.45
413.97
413.87
413.24
413.93
413.48
414.46
414.21
414.98
414.57
414.90
414.75
414.85
414.59
414.73
414.88
414.25
414.76
415.73
415.23
415.58
415.95
415.56
415.89
415.25
415.47
415.46
415.97
415.77
415.75
415.28
415.71
415.20
415.81
416.20
416.22
416.88
416.90
416.89
416.72
416.76
416.23
416.24
416.27
416.26
417.90
417.21
417.49
417.71
417.54
417.88
417.76
417.20
417.55
417.27
417.74
417.25
417.22
417.24
417.57
417.26
417.28
418.16
418.20
418.24
418.53
418.56
418.72
418.47
418.22
418.93
418.59
418.99
418.31
419.32
419.57
419.27
419.56
419.20
419.74
419.23
419.24
419.46
419.90
419.54
419.73
419.59
419.92
419.89
419.49
419.31
419.80
420.56
420.46
420.90
420.23
420.21
420.91
420.27
420.73
420.55
420.24
420.57
420.88
420.76
420.97
420.48
420.45
420.22
420.79
421.24
421.23
421.47
421.76
421.71
421.57
421.91
421.26
421.90
421.55
421.22
421.49
421.21
421.77
421.89
421.65
421.25
422.56
422.54
422.72
422.24
422.49
422.96
422.98
422.76
422.25
422.21
422.23
422.74
423.58
423.90
423.57
423.91
423.89
423.21
423.22
423.48
423.87
423.75
423.59
423.24
423.26
423.74
423.71
423.27
423.60
424.08
424.24
424.46
424.21
424.70
424.58
424.75
424.56
424.72
424.92
424.79
424.27
424.26
424.71
424.23
424.91
424.22
424.33
425.72
425.73
425.25
425.98
425.54
425.24
425.22
425.56
425.58
425.21
425.57
425.76
425.92
425.26
425.75
425.69
425.27
426.60
426.56
426.96
426.88
426.74
426.20
426.22
426.24
426.89
426.23
426.21
427.56
427.57
428.26
429.30
430.82
430.76
431.58
431.48
431.55
431.91
431.57
431.85
432.25
432.75
432.24
432.26
432.49
432.88
432.55
432.69
432.09
432.74
432.23
432.50
432.76
432.73
432.29
432.90
432.60
433.23
433.97
433.24
433.47
433.74
433.89
433.78
433.59
433.26
433.94
434.71
434.77
434.69
434.96
434.25
434.58
435.00
434.22
434.59
434.24
434.47
434.60
434.91
434.76
435.88
435.56
435.59
435.29
435.26
435.58
435.22
435.27
435.76
435.57
435.24
435.93
435.23
435.72
435.25
435.73
436.24
436.49
436.89
436.25
436.72
436.58
436.56
436.90
436.74
436.26
436.99
436.76
436.75
436.92
436.91
436.59
436.77
436.78
437.71
437.88
437.59
437.21
437.24
437.26
437.57
438.00
437.23
437.25
437.47
437.54
437.55
437.60
437.83
438.57
438.88
439.00
438.51
438.72
438.23
438.49
438.47
438.99
438.92
438.91
438.69
438.76
438.21
438.27
438.75
438.73
438.24
438.74
438.26
438.78
438.32
438.61
439.57
439.22
439.24
439.56
439.92
439.72
439.49
439.52
439.47
439.91
439.76
439.73
439.74
439.25
439.26
439.58
440.49
440.57
440.70
440.45
440.24
440.22
440.87
440.55
440.48
440.23
440.99
440.93
440.77
440.58
440.30
440.94
440.25
440.73
441.90
441.57
441.22
441.23
441.94
441.24
441.72
441.97
441.26
441.88
441.91
441.58
441.73
441.25
441.61
441.77
441.28
441.29
441.27
441.21
442.56
442.73
442.90
442.23
442.00
442.55
442.48
442.79
442.59
442.27
442.28
442.77
442.24
442.22
442.60
442.80
443.73
444.00
443.75
443.78
443.30
444.24
444.27
445.29
446.58
446.60
446.75
446.26
446.34
447.48
447.56
447.24
447.77
447.25
447.54
447.76
447.73
447.26
447.34
447.83
448.86
448.92
448.12
448.72
448.25
448.59
448.71
448.57
448.28
448.73
448.74
448.91
448.70
448.56
448.26
450.00
449.98
449.50
449.72
449.22
449.55
449.25
449.77
449.88
449.26
449.24
449.93
449.28
449.60
449.23
449.62
449.33
449.81
450.25
450.90
450.47
450.58
450.27
450.24
450.22
450.73
450.30
450.78
450.93
450.23
450.75
450.77
450.79
450.31
451.24
451.89
451.91
451.90
451.58
451.92
451.88
451.25
451.49
451.76
451.57
451.60
451.33
451.74
451.78
451.77
451.31
452.21
452.72
452.97
452.98
452.48
452.22
452.24
452.27
452.60
452.58
452.92
452.89
452.73
452.29
452.30
452.95
452.78
452.32
453.75
454.00
453.55
453.26
453.72
453.73
453.57
453.60
453.99
453.22
453.00
453.23
453.51
453.50
453.90
453.92
453.76
453.34
453.95
453.33
454.87
454.96
454.54
454.46
454.25
454.73
454.72
454.91
454.74
454.23
454.24
455.00
454.58
454.30
454.75
454.71
455.53
455.23
455.22
455.48
455.89
455.26
455.72
455.25
455.77
455.49
455.91
455.75
455.93
455.74
455.78
455.28
455.80
456.23
456.26
456.58
456.56
456.27
456.22
456.91
456.92
456.24
456.54
456.98
456.48
456.63
456.76
456.78
456.59
456.57
456.74
456.73
456.80
456.29
457.22
457.93
457.24
457.29
457.23
457.72
457.88
457.26
457.25
457.91
457.76
457.92
457.75
457.57
457.77
457.52
457.27
457.60
457.28
457.53
457.78
458.44
458.20
458.21
458.76
458.58
458.56
458.00
458.62
458.59
458.97
458.92
458.25
458.02
458.57
458.49
458.78
458.24
458.22
458.27
458.77
458.79
458.31
459.46
459.73
459.98
459.72
459.90
459.24
459.56
459.75
459.48
459.22
459.93
459.27
459.34
459.28
459.25
459.59
459.84
460.26
460.70
460.75
460.99
460.96
460.56
460.90
460.94
460.27
460.25
460.50
460.22
460.53
460.23
460.58
460.24
460.93
460.80
461.25
461.74
461.99
461.27
461.58
461.01
461.21
461.26
461.32
461.24
461.75
461.50
461.86
461.34
461.89
461.80
462.15
462.97
462.75
462.60
462.22
462.73
462.47
462.72
462.25
462.23
462.94
462.95
462.76
462.90
462.59
462.57
462.29
462.27
462.78
462.33
462.32
463.71
463.56
463.98
463.59
463.26
463.72
463.55
463.92
463.75
463.79
463.28
463.57
463.30
463.25
463.22
463.27
463.31
463.24
464.14
464.56
464.76
464.24
464.49
464.99
464.72
464.25
464.21
464.74
464.73
464.53
464.90
464.58
464.75
464.92
464.61
464.60
464.28
464.47
464.23
464.52
464.27
464.77
464.37
464.30
464.31
464.82
464.81
465.00
465.26
465.91
465.77
465.48
465.92
465.59
465.60
465.72
465.49
465.61
465.57
465.28
465.27
465.22
465.24
465.76
465.01
465.78
465.80
465.32
466.75
466.71
466.92
466.25
466.24
466.26
466.76
466.91
466.79
466.57
466.23
466.59
466.73
466.28
466.22
466.61
467.60
467.26
467.87
467.73
467.45
467.61
467.23
467.59
467.93
467.90
467.76
467.48
467.92
467.56
467.24
467.98
467.25
467.75
467.91
467.95
467.89
467.27
467.30
467.62
468.25
468.24
468.49
468.92
468.60
468.75
468.88
468.58
468.94
468.98
468.57
468.74
468.02
468.27
468.26
468.90
468.29
468.85
468.63
468.79
468.35
469.92
469.25
469.97
469.76
469.59
469.93
469.51
469.91
469.26
469.90
469.60
469.62
469.77
469.24
469.61
469.34
469.55
470.70
470.49
470.48
470.92
470.23
470.47
470.22
470.60
470.94
470.93
470.27
470.74
470.26
470.91
470.78
470.75
470.30
471.23
471.96
471.48
471.75
471.24
471.26
471.87
471.01
471.58
471.77
471.52
471.62
471.93
471.59
471.22
471.28
471.30
471.32
471.81
472.50
472.25
472.49
472.74
472.26
472.58
472.24
472.28
472.27
472.21
472.59
472.78
472.77
472.29
472.31
472.80
472.04
472.30
472.33
473.17
473.87
473.99
473.23
473.47
473.72
473.26
473.21
473.74
473.92
473.77
473.24
473.57
473.22
473.28
473.76
473.01
473.79
473.30
473.63
473.04
473.78
473.33
473.34
474.73
474.91
474.59
474.26
474.55
474.48
474.90
474.47
474.58
474.25
474.28
474.92
474.76
474.79
474.97
474.94
474.27
474.56
474.31
474.85
475.93
475.59
475.99
475.27
475.55
475.73
475.24
475.79
475.22
475.25
475.77
475.26
475.90
475.28
475.30
476.60
476.49
476.27
476.26
476.90
476.58
476.98
476.69
476.28
476.50
476.76
476.25
476.95
476.31
476.35
476.62
476.55
476.29
476.81
477.26
477.75
477.46
477.59
477.28
477.25
477.24
477.23
477.27
477.51
477.31
477.92
477.63
477.96
478.99
478.97
478.56
478.49
478.25
478.94
478.29
478.92
478.26
478.91
478.48
478.93
478.19
478.27
478.76
478.77
478.75
478.80
478.28
478.79
478.30
478.78
478.98
478.82
479.78
479.77
479.93
479.00
479.24
479.59
479.26
479.76
479.50
479.31
479.92
479.29
479.25
479.95
479.60
479.73
479.79
479.02
479.28
479.75
479.55
480.72
480.22
480.26
480.23
480.24
480.58
480.60
480.90
480.76
480.73
480.93
480.78
480.30
480.77
480.29
480.91
480.75
480.02
480.57
480.28
480.74
480.80
480.55
481.50
481.92
481.75
481.79
481.60
481.96
481.74
481.49
481.72
481.25
481.61
481.95
481.76
481.71
481.93
481.90
481.27
481.23
481.52
481.24
481.62
481.33
481.70
481.85
482.26
482.73
482.59
482.51
482.24
482.58
482.25
482.60
482.27
482.56
482.92
482.94
482.76
482.28
482.30
482.57
482.99
482.75
482.93
482.78
482.63
483.50
483.76
483.73
483.58
483.57
483.92
483.22
483.26
483.79
483.27
483.77
483.94
483.25
483.93
483.95
483.24
483.30
483.80
484.24
484.28
484.74
484.78
484.53
484.93
484.94
484.26
484.58
484.00
484.27
484.52
484.92
484.62
484.05
485.25
485.50
485.27
485.97
485.73
485.79
485.58
485.75
485.72
485.48
485.93
485.90
485.76
485.92
485.28
485.94
485.26
485.95
485.32
485.83
486.90
486.76
486.51
486.25
486.24
486.98
486.59
486.27
486.78
486.28
486.60
487.00
486.29
486.95
486.94
486.30
486.80
486.26
486.63
486.33
486.31
486.83
487.25
487.89
487.26
487.58
487.48
487.27
487.28
487.74
487.77
487.94
487.79
487.29
487.75
487.56
487.78
487.81
487.31
487.97
487.34
487.33
488.70
488.76
488.94
488.46
488.73
488.92
488.50
488.99
488.60
488.56
488.30
488.27
488.25
488.91
488.61
488.58
488.53
488.80
488.79
488.29
489.06
489.50
489.23
489.49
489.55
489.24
489.75
489.25
489.74
489.90
489.73
489.26
489.29
489.27
489.94
489.77
489.31
489.32
490.57
490.76
490.58
490.94
490.25
490.28
490.74
490.50
490.62
490.29
490.27
490.31
490.80
490.37
492.00
491.47
491.59
491.91
491.24
491.74
491.99
491.94
491.72
491.29
491.25
491.28
491.81
491.26
491.92
491.77
491.27
491.80
491.30
491.56
492.59
492.72
492.71
492.90
492.76
492.28
492.24
492.78
492.74
492.99
492.92
492.30
493.00
492.02
492.77
492.23
492.54
492.26
492.63
492.33
493.27
493.59
493.91
493.23
493.74
493.61
493.49
493.48
493.75
493.92
493.82
493.28
493.30
493.29
493.80
493.31
493.81
493.65
493.83
493.34
493.71
493.84
494.51
494.76
494.50
494.23
494.91
494.27
494.25
494.94
494.61
494.62
494.77
494.30
494.74
494.53
494.92
494.26
494.02
494.48
494.52
494.95
494.86
494.78
494.93
494.82
494.80
494.06
494.32
494.34
495.94
495.28
495.80
495.95
495.77
495.22
495.24
495.25
495.71
495.23
495.74
495.26
495.33
495.93
495.01
495.79
495.54
495.30
495.81
495.96
495.31
495.34
496.71
496.49
496.92
496.26
496.28
496.94
496.99
496.75
496.56
496.25
496.24
496.78
496.76
496.63
496.77
496.74
496.27
496.93
496.23
496.31
496.30
496.88
496.32
496.97
496.07
496.80
496.86
496.34
497.03
497.55
497.58
497.75
497.01
497.49
497.25
497.90
497.80
497.56
497.26
497.57
497.27
497.62
497.22
497.51
497.78
497.24
497.28
497.98
498.78
498.27
498.49
498.57
498.60
498.23
498.26
498.29
498.61
498.76
498.28
498.94
498.03
498.25
498.24
498.52
498.33
498.63
498.56
499.51
499.76
499.24
499.92
499.01
499.91
499.60
499.94
499.82
499.62
499.79
499.58
499.28
499.26
499.61
499.59
499.75
499.95
499.27
499.84
499.25
499.77
499.29
499.93
499.74
499.83
500.58
500.25
500.26
500.61
500.50
500.60
500.28
500.73
500.30
500.27
500.78
500.77
500.01
500.81
500.21
500.22
500.76
500.52
500.04
500.63
500.29
500.62
500.94
500.55
500.31
500.80
500.34
500.83
500.33
501.26
501.28
501.25
501.74
501.59
501.78
501.27
501.60
501.79
501.63
501.94
501.77
501.87
501.30
502.57
502.26
502.78
502.77
502.75
502.53
502.03
502.81
502.36
502.65
503.23
503.11
503.76
503.95
503.62
503.72
503.29
503.26
503.31
503.28
503.65
503.89
503.87
504.27
504.61
504.62
504.53
504.60
504.94
504.25
504.77
504.93
504.32
504.26
504.95
504.02
505.11
505.79
505.93
505.01
505.31
505.50
505.86
505.96
505.58
505.80
505.25
505.22
505.29
505.60
505.34
505.91
505.27
505.92
505.97
505.81
506.58
506.24
506.25
506.73
506.26
506.27
506.78
506.28
506.52
506.82
506.30
506.33
506.31
506.79
506.61
506.76
507.78
507.51
507.95
507.63
507.22
507.24
507.79
507.26
507.28
507.73
507.93
507.75
507.61
507.23
507.81
507.77
507.03
507.80
507.31
507.62
507.84
507.33
508.21
508.25
508.27
508.76
508.92
508.59
508.29
508.74
508.28
508.48
508.26
508.93
508.79
508.23
508.50
508.80
508.63
508.30
508.98
508.88
508.33
508.83
508.32
508.31
508.35
508.34
508.84
509.72
509.62
509.58
509.49
509.60
509.63
509.22
509.26
509.92
509.95
509.25
509.77
509.28
509.61
509.32
509.31
509.29
509.75
509.80
509.89
509.82
509.35
510.56
510.26
510.77
510.28
510.50
510.97
510.57
510.49
510.04
510.95
510.94
510.91
510.61
510.75
510.27
510.79
510.73
510.62
510.81
510.96
510.76
510.59
510.25
510.29
510.34
510.32
511.31
511.77
511.56
511.61
511.49
511.57
511.58
511.78
511.94
511.92
511.90
511.79
511.03
511.25
511.29
511.27
511.52
511.28
511.96
511.26
511.88
511.33
511.97
511.98
511.65
511.99
512.59
512.94
512.93
512.77
512.95
512.80
513.00
512.90
512.62
512.60
512.26
512.54
512.51
512.29
512.28
512.98
512.31
512.81
512.65
512.06
512.34
513.57
513.01
513.79
513.27
513.95
513.52
513.97
513.28
513.30
513.29
513.04
513.25
513.31
513.53
513.80
513.34
513.94
513.83
513.76
514.81
514.52
514.27
514.22
514.19
514.92
514.93
514.28
514.26
514.29
514.79
514.61
514.60
514.30
514.32
514.31
514.80
514.95
514.05
514.36
514.34
515.69
515.74
515.29
515.26
515.93
515.28
515.78
515.76
515.94
515.25
515.72
515.27
515.77
515.30
515.81
515.31
515.84
516.27
516.56
516.00
516.25
516.62
516.29
516.92
516.23
516.80
516.58
516.31
516.28
516.93
516.75
516.30
516.01
516.63
516.26
516.72
516.32
516.34
516.81
516.82
516.36
516.35
517.23
517.51
517.95
517.29
517.26
517.94
517.28
517.82
517.66
518.51
518.60
518.29
518.27
518.54
518.92
518.02
518.77
518.26
518.28
518.32
518.33
518.31
519.94
519.27
519.14
519.03
519.51
519.92
519.62
519.61
519.28
519.74
519.02
519.24
519.96
520.26
520.93
520.76
520.59
520.27
520.58
520.79
520.24
520.30
520.33
520.65
521.24
521.74
521.80
521.61
521.90
521.28
521.78
521.31
521.29
521.81
521.82
521.76
521.99
521.86
522.30
522.25
522.73
522.60
522.96
522.77
522.58
522.76
522.61
522.52
522.29
522.92
522.23
522.26
522.51
522.27
522.20
522.81
522.83
522.28
522.54
522.04
522.97
522.59
522.33
522.34
522.37
523.75
523.28
523.25
523.58
523.26
523.77
523.59
523.92
523.24
523.94
523.29
523.23
523.54
523.31
523.61
523.30
523.27
523.01
523.53
523.78
523.76
523.32
523.91
523.00
523.57
523.35
523.36
524.25
524.28
524.26
524.50
524.95
524.30
524.89
524.61
524.94
524.01
524.96
524.02
524.80
524.56
524.92
524.81
524.29
524.60
524.31
524.79
524.77
524.27
524.83
524.33
524.34
524.58
524.32
524.36
524.38
524.88
525.28
525.99
525.79
525.02
525.62
525.22
525.75
525.50
525.26
525.78
525.93
525.27
525.30
525.53
525.32
525.76
525.77
525.63
525.80
525.05
525.23
525.24
525.39
525.88
525.31
525.33
525.59
525.36
526.24
526.79
526.26
526.75
526.29
526.91
526.53
526.28
526.64
526.80
526.27
526.95
526.97
526.60
526.30
526.82
526.77
526.81
526.83
526.66
526.33
526.32
527.25
527.76
527.26
527.00
527.30
527.93
527.96
527.94
527.62
527.78
527.79
527.23
527.59
527.27
527.32
527.98
527.82
527.34
527.28
527.31
527.29
527.66
527.33
527.84
528.26
528.32
528.51
528.76
528.31
528.29
528.91
528.92
528.59
528.28
528.61
528.93
528.27
528.78
528.30
528.97
528.33
528.82
528.80
528.22
528.08
528.34
528.38
529.96
529.78
529.27
529.30
529.54
529.29
529.63
529.52
529.02
529.80
529.61
529.59
529.81
529.93
529.26
529.07
529.82
529.09
529.86
529.32
530.78
530.28
530.60
530.89
530.90
530.91
530.29
530.93
530.95
530.27
530.26
530.61
530.30
530.96
530.03
530.79
530.32
530.25
530.65
530.35
530.34
530.33
530.37
530.85
531.99
531.26
531.23
531.27
531.97
531.01
531.25
531.59
531.80
531.30
531.81
531.61
531.29
531.62
531.31
531.82
531.07
531.32
531.84
531.33
531.58
531.36
532.25
532.02
532.50
532.51
532.03
532.53
532.92
532.97
532.27
532.96
532.76
532.28
532.58
532.77
532.78
532.30
532.55
532.29
532.05
532.99
532.33
532.40
532.89
532.00
532.08
533.30
533.27
533.58
533.80
533.95
533.82
533.31
533.01
533.26
533.76
533.77
533.29
533.79
533.96
533.28
533.93
533.03
533.81
533.64
533.34
534.25
534.02
534.62
534.63
534.77
534.31
534.61
534.81
534.39
535.79
535.60
535.77
535.34
536.23
536.98
536.97
536.17
536.91
536.33
537.28
537.61
537.29
537.68
537.37
537.86
537.38
538.74
538.88
538.79
538.62
538.25
538.77
538.97
538.76
538.29
538.55
538.30
538.95
538.50
538.59
538.96
538.94
538.27
538.31
538.33
538.83
538.28
538.32
538.90
539.16
539.79
539.93
539.60
539.23
539.29
539.27
539.57
539.61
539.49
539.77
539.26
539.31
539.78
539.25
539.95
539.58
539.83
539.30
539.59
539.76
539.63
539.81
539.62
539.08
539.37
539.40
540.78
540.94
540.58
540.53
540.35
540.28
540.75
540.95
540.30
540.29
540.97
540.80
540.27
540.82
540.50
540.24
540.04
540.81
540.79
540.33
540.10
541.60
541.62
541.26
541.99
541.77
541.30
541.94
541.83
541.75
541.27
541.81
541.61
541.28
541.98
541.51
541.93
541.78
541.76
541.82
541.34
541.00
542.63
542.25
542.94
542.52
542.29
542.76
542.28
542.61
542.33
542.59
542.90
542.54
542.04
542.62
542.82
542.74
542.32
542.79
542.00
542.01
542.80
543.03
543.95
543.31
543.48
543.23
543.29
543.28
543.78
543.94
543.61
543.73
543.96
543.55
543.02
543.82
543.62
543.81
543.80
543.30
543.35
543.24
543.79
543.53
543.97
543.32
543.98
543.34
543.87
544.80
544.53
544.26
544.61
544.76
544.64
544.97
544.31
544.30
544.78
544.04
544.29
544.62
544.79
544.81
544.35
544.28
544.33
544.37
545.03
545.28
545.27
545.47
545.29
545.92
545.26
545.76
545.25
545.51
545.30
545.63
545.80
545.78
545.02
545.33
545.58
545.08
545.38
546.26
546.30
546.80
546.53
546.29
546.78
546.77
546.27
546.32
546.79
546.25
546.05
546.84
546.68
546.59
547.27
547.29
547.93
547.01
547.96
547.24
547.47
547.28
547.26
547.30
547.53
547.94
547.31
547.80
547.78
547.63
547.33
547.68
547.60
548.95
548.01
548.04
548.77
548.87
548.25
548.62
548.29
548.60
548.27
548.83
548.26
548.96
548.80
548.97
548.28
548.30
548.94
548.35
548.64
549.31
549.93
549.26
549.77
549.76
549.29
549.52
549.96
549.74
549.82
549.80
549.28
549.75
549.27
549.30
549.61
549.83
549.99
549.33
549.34
550.93
550.24
550.58
550.82
550.60
550.81
550.27
550.78
550.53
550.28
550.26
550.79
550.29
550.05
550.63
550.32
550.62
550.83
550.33
550.31
550.00
550.09
550.88
551.62
551.63
551.95
551.93
551.27
551.29
551.61
551.81
551.79
551.32
551.04
551.78
551.28
551.26
551.25
551.77
551.82
551.31
551.34
551.83
551.67
551.36
552.50
552.51
552.27
552.92
552.58
552.63
552.79
552.82
552.97
552.98
552.03
552.77
552.30
552.61
552.62
552.31
552.94
552.29
552.28
552.81
552.55
552.67
552.80
552.33
552.69
552.35
552.34
552.39
552.37
552.87
553.26
553.61
553.60
553.62
553.30
553.96
553.97
553.28
553.78
553.29
553.31
553.53
553.86
553.02
553.76
553.25
553.83
553.33
553.65
553.85
553.79
553.38
553.37
554.28
554.59
554.27
554.77
554.24
554.31
554.97
554.26
554.65
554.82
554.62
554.02
554.79
554.58
554.84
554.06
554.35
554.81
555.95
555.58
555.94
555.61
555.79
555.28
555.26
555.60
555.78
555.29
555.30
555.87
555.63
555.35
555.31
555.99
555.03
555.80
555.32
555.76
555.54
555.33
555.68
555.67
556.01
556.62
556.93
556.53
556.31
556.05
556.22
556.28
556.29
556.75
556.80
556.04
556.33
556.81
556.86
556.61
556.35
556.25
556.68
556.79
556.36
556.84
556.09
557.30
557.02
557.29
557.55
557.32
557.49
557.83
557.27
557.80
557.28
557.33
557.98
557.65
557.81
557.79
558.00
557.85
558.30
558.95
558.25
558.29
558.61
558.59
558.80
558.78
558.82
558.79
558.89
558.34
558.98
558.65
558.31
558.96
558.23
558.62
558.04
558.32
558.81
558.41
558.33
558.35
558.10
558.88
558.38
559.51
559.29
559.97
559.78
559.94
559.55
559.77
559.92
559.60
559.30
559.33
559.65
559.61
559.24
559.25
559.80
559.93
559.31
559.28
559.96
559.34
559.83
559.39
560.78
560.04
560.93
560.60
560.51
560.53
560.03
560.01
560.77
560.74
560.29
560.63
560.65
560.25
560.27
560.28
560.96
560.31
560.82
560.33
560.79
560.34
560.84
560.43
560.00
560.36
560.38
561.63
561.30
561.51
561.28
561.52
561.81
561.62
561.31
561.76
561.33
561.32
561.54
561.27
561.80
561.85
561.78
561.34
561.69
561.35
561.37
561.10
561.68
561.75
561.26
561.38
562.74
562.98
562.65
562.31
562.95
562.28
562.96
562.32
562.77
562.64
562.27
562.29
562.78
562.80
562.81
562.63
562.34
562.36
562.86
562.11
563.86
563.30
563.29
563.00
563.98
563.63
563.52
563.05
563.28
563.53
563.55
563.77
563.97
563.49
563.62
563.79
563.32
563.59
564.30
564.33
564.78
564.77
564.61
564.94
564.04
564.27
564.31
564.82
564.28
564.80
564.96
564.79
564.26
564.57
564.36
565.27
565.28
565.52
565.62
565.60
565.82
565.76
565.97
565.80
565.26
565.05
565.95
565.77
565.30
565.54
565.01
565.61
565.68
565.36
566.53
566.28
566.61
566.83
566.79
566.29
566.35
566.37
566.56
566.98
566.04
566.31
566.33
566.30
566.85
566.25
566.43
566.39
566.40
567.03
567.29
567.25
567.31
567.28
567.26
567.30
567.96
567.62
567.51
567.81
567.79
567.65
567.01
567.84
567.55
567.68
567.80
567.97
567.82
567.34
567.33
567.85
567.39
568.21
568.30
568.94
568.52
568.03
568.81
568.02
568.61
568.91
568.80
568.56
568.78
568.96
568.82
568.86
568.32
568.69
568.97
568.29
568.42
568.84
568.85
568.33
568.34
568.75
568.39
569.59
569.60
569.27
569.94
569.98
569.62
569.99
569.34
569.35
569.28
569.30
569.32
569.77
569.31
569.04
569.64
569.79
569.63
569.82
569.08
569.80
569.33
569.36
569.76
570.95
570.53
570.99
570.55
570.03
570.29
570.04
570.62
570.28
570.66
570.97
570.63
570.77
570.34
570.60
570.79
570.32
570.33
570.30
570.27
570.36
570.56
570.35
570.69
571.31
571.95
571.64
571.51
571.28
571.05
571.32
571.52
571.76
571.27
571.74
571.33
571.77
571.62
571.83
571.56
571.67
571.01
571.63
571.55
571.81
571.36
571.69
571.35
571.10
572.98
572.30
572.04
572.76
572.23
572.55
572.79
572.64
572.77
572.66
572.81
572.94
572.80
572.63
572.78
572.56
573.00
572.33
572.82
572.10
572.40
573.78
573.56
573.30
573.60
573.80
573.95
573.28
573.04
573.98
573.29
573.31
573.32
573.96
573.33
573.66
573.35
573.26
573.27
573.11
573.88
574.28
574.63
574.78
574.27
574.01
574.53
574.79
574.80
574.94
574.03
574.83
574.62
574.26
574.93
574.97
574.57
574.96
574.81
574.29
574.31
574.30
574.34
574.68
574.38
574.60
574.36
574.40
574.88
575.26
575.75
575.52
575.04
575.96
575.31
575.95
575.81
575.82
575.30
575.29
575.63
575.05
575.33
575.32
575.62
575.99
575.84
575.28
575.37
575.80
575.35
575.01
575.61
575.39
575.38
576.59
576.97
576.82
576.95
576.28
576.04
576.98
576.78
576.32
576.67
576.29
576.31
576.62
576.63
576.03
576.30
576.81
576.85
576.36
577.13
577.84
577.79
577.32
577.29
577.53
577.30
577.33
577.64
577.63
577.65
577.97
577.95
577.62
577.27
577.37
577.03
577.85
578.30
578.92
578.24
578.97
578.51
578.59
578.55
578.82
578.93
578.80
578.34
578.28
578.33
578.83
578.76
578.32
578.37
578.60
578.36
579.59
579.28
579.29
579.76
579.31
579.80
579.35
579.94
579.04
579.63
579.99
579.82
579.34
579.69
579.86
579.61
579.36
580.28
580.01
580.94
580.31
580.95
580.80
580.29
580.99
580.86
580.96
580.77
580.63
580.35
580.66
580.30
581.00
580.64
580.85
580.82
580.34
580.33
580.69
580.36
580.89
581.01
581.75
581.65
581.30
581.80
581.28
581.66
581.26
581.96
581.79
581.29
581.33
581.94
581.31
581.32
581.37
581.27
581.83
581.34
581.25
581.67
581.97
581.69
581.70
581.36
581.41
581.89
581.40
582.27
582.54
582.98
582.32
582.29
582.30
582.33
582.76
582.31
582.83
582.62
582.34
582.36
582.35
582.63
582.85
582.04
582.39
582.46
583.54
583.97
583.27
583.02
583.79
583.29
583.83
583.30
583.80
583.28
583.66
583.32
583.96
583.78
583.55
583.60
583.31
583.06
583.57
583.64
583.34
583.33
583.86
583.36
583.39
583.89
584.26
584.80
584.28
584.32
584.79
584.81
585.00
584.82
584.31
584.66
584.99
584.83
584.29
584.84
584.77
584.34
584.86
584.36
584.37
584.38
584.12
584.27
585.77
585.95
585.58
585.03
585.65
585.81
585.78
585.29
585.30
585.79
585.32
585.85
585.67
585.64
585.26
585.04
585.80
585.25
585.33
585.34
585.54
585.36
585.60
586.98
586.94
586.81
586.83
586.54
586.79
586.32
586.84
586.29
586.05
586.28
586.95
586.82
586.85
586.63
586.57
586.31
586.78
586.34
586.80
586.36
586.03
586.62
587.27
587.25
587.24
587.63
587.79
587.30
587.59
587.29
587.76
587.28
587.33
587.31
587.05
587.32
587.34
587.83
587.67
587.82
587.77
587.62
587.86
587.03
587.80
587.37
588.78
588.95
588.80
588.79
588.64
588.30
588.61
588.96
588.33
588.31
588.82
588.28
588.66
588.75
588.32
588.84
588.94
588.36
588.40
588.39
588.38
589.29
589.52
589.05
589.94
589.55
589.76
589.61
589.79
589.95
589.78
589.32
589.28
589.30
589.36
589.26
589.35
589.83
589.01
589.54
589.31
589.86
589.11
589.40
590.31
590.78
590.65
590.29
590.98
590.04
590.20
590.79
590.05
590.80
590.30
590.01
590.97
590.35
590.87
590.70
591.32
591.80
591.65
591.66
591.29
591.04
591.31
591.30
591.35
591.00
591.69
591.64
591.95
591.99
591.98
591.36
591.81
591.71
591.62
592.94
592.96
592.80
592.27
592.98
592.84
592.82
592.79
592.31
592.06
592.83
592.35
592.85
592.37
593.28
593.75
593.67
593.33
593.31
593.35
593.37
593.29
593.30
593.79
593.98
593.99
593.82
593.84
593.80
593.16
593.86
593.41
594.83
594.25
594.03
594.28
594.33
594.31
594.29
594.04
594.06
594.35
594.82
594.30
594.84
594.81
594.12
594.39
594.34
594.91
595.16
595.28
595.60
595.82
595.30
595.81
595.55
595.86
595.31
595.32
595.80
595.77
595.09
595.76
595.34
595.99
595.36
595.85
595.42
595.39
596.21
596.79
596.94
596.96
596.92
596.65
596.30
596.80
596.97
596.82
596.98
596.32
596.31
596.33
596.70
596.38
596.71
596.61
596.77
596.40
596.91
596.41
596.89
597.54
597.96
597.95
597.28
597.27
597.31
597.65
597.81
597.66
597.84
597.33
597.82
597.34
597.86
597.30
597.36
597.32
597.87
597.62
597.40
597.90
597.37
598.60
598.27
598.29
598.96
598.28
598.98
599.00
598.83
598.35
598.32
598.64
598.36
598.81
598.84
598.54
598.30
598.77
598.12
598.37
599.66
599.31
599.78
599.56
599.80
599.94
599.32
599.63
599.29
599.96
599.30
599.79
599.36
599.97
599.86
599.95
599.81
599.28
599.38
599.67
599.70
600.30
600.03
600.65
600.83
600.81
600.28
600.05
600.33
600.80
600.34
600.32
600.79
600.27
600.66
600.82
601.00
600.85
600.71
600.04
600.12
601.97
601.35
601.29
601.63
601.99
601.76
601.98
601.65
601.34
602.00
601.39
601.32
601.64
601.33
601.31
601.36
601.82
601.94
601.85
601.88
601.37
601.38
602.61
602.25
602.62
602.81
602.33
602.98
602.83
602.30
602.59
602.92
602.79
602.68
602.67
602.34
602.07
602.09
602.64
602.80
602.32
602.37
602.63
602.38
603.63
603.30
603.27
603.79
603.64
603.08
603.62
603.67
603.34
603.29
603.31
603.93
603.33
603.80
603.86
603.42
604.66
604.84
604.52
604.95
604.98
604.67
604.80
604.63
604.26
604.31
604.64
604.78
604.34
604.96
604.06
604.30
604.68
604.29
604.73
604.32
604.57
604.37
604.39
604.86
604.87
604.38
605.28
605.62
605.95
605.64
605.32
605.30
605.78
605.33
605.29
605.35
605.34
605.97
605.82
605.96
605.67
605.54
605.81
605.00
605.80
605.86
605.02
605.87
605.38
605.12
605.71
605.88
606.54
606.56
606.04
606.80
606.30
606.66
606.64
606.85
606.28
606.84
606.31
606.78
606.34
606.03
606.82
606.32
606.81
606.37
606.39
606.38
606.13
607.31
607.63
607.92
607.81
607.86
607.55
607.76
607.66
607.32
607.30
607.61
607.82
607.33
607.05
607.35
607.85
607.87
608.83
608.97
608.98
608.31
608.35
608.80
608.29
608.82
608.65
608.32
608.63
609.31
609.65
609.99
609.30
609.82
609.09
609.78
609.84
610.18
610.30
610.31
610.27
610.64
610.80
610.98
610.84
610.42
610.43
610.39
611.04
611.55
611.58
611.83
611.29
611.81
611.68
612.00
611.66
611.19
611.33
612.28
612.97
612.30
612.31
612.99
612.81
612.76
612.32
612.82
612.80
612.66
612.79
612.86
612.88
612.39
613.77
613.79
613.86
613.29
613.82
613.31
613.14
613.33
613.35
613.30
613.01
613.98
613.66
613.32
613.76
613.97
613.18
613.38
613.34
613.28
613.64
614.32
614.98
614.06
614.79
614.33
614.31
614.95
614.34
614.82
614.07
614.84
614.36
614.35
614.80
614.65
614.30
614.39
614.83
614.38
615.31
615.32
615.07
615.64
615.26
615.66
615.33
615.65
615.86
615.54
615.36
615.98
615.30
615.37
615.82
615.99
615.97
615.01
615.72
615.38
616.62
616.66
616.65
616.97
616.95
616.63
616.03
616.37
616.79
616.77
616.81
616.31
616.57
616.29
616.30
616.83
616.33
616.80
616.32
616.36
616.92
616.27
616.35
616.13
617.07
617.28
617.32
617.30
617.27
617.82
617.31
617.86
617.29
617.01
617.33
617.11
617.38
617.37
617.69
617.14
618.74
618.65
618.94
618.34
618.96
618.84
618.30
618.99
618.66
618.31
618.78
618.35
618.33
618.86
618.07
618.82
618.32
618.29
618.77
618.83
618.40
618.87
618.41
618.39
618.42
619.67
619.04
619.01
619.77
619.33
619.29
619.30
619.27
619.31
619.83
619.79
619.32
619.66
619.64
619.82
619.87
619.34
619.37
619.89
619.38
619.88
619.41
620.04
620.29
620.00
620.79
620.28
620.84
620.77
620.31
620.56
620.83
620.97
620.85
620.65
620.67
620.63
620.35
620.01
620.78
620.96
620.02
620.68
620.05
620.39
620.38
620.14
621.79
621.29
621.31
621.32
621.77
621.81
621.80
621.34
621.86
621.68
621.36
621.66
621.83
621.35
621.96
621.39
621.40
621.88
621.38
622.61
622.62
622.93
622.64
622.63
622.78
622.96
622.28
622.99
622.65
622.81
622.97
622.33
622.30
622.82
622.31
622.83
622.34
622.57
622.66
622.32
622.80
622.36
622.67
622.37
622.84
622.88
622.13
622.38
623.82
624.00
623.29
623.34
623.80
623.01
623.33
623.24
623.68
623.32
623.31
623.30
623.98
623.81
623.55
623.69
623.36
623.83
623.86
623.88
623.38
623.64
623.89
623.41
624.30
624.04
624.28
624.95
624.56
624.55
624.82
624.84
624.77
624.79
624.29
624.97
624.83
624.34
624.01
624.31
624.80
624.35
624.57
624.87
624.72
624.39
624.88
624.92
625.78
625.32
625.35
625.31
625.95
625.27
625.57
625.33
625.67
625.97
625.00
625.84
625.98
625.30
625.85
625.18
625.86
625.36
625.81
625.34
625.72
625.38
625.99
625.94
625.43
625.93
626.65
626.95
626.82
626.30
626.66
626.05
626.83
626.36
626.58
626.80
626.32
626.08
626.33
626.03
626.84
626.89
626.98
626.38
626.88
626.06
626.64
627.63
627.61
627.34
627.84
627.31
627.33
627.80
627.59
627.39
627.28
627.08
627.30
627.82
628.00
627.26
627.32
627.65
627.81
627.37
627.85
627.03
627.60
627.35
627.88
627.86
627.90
627.42
627.43
628.96
628.62
628.61
628.78
628.31
628.80
628.29
628.88
628.84
628.68
628.34
628.83
628.35
628.85
628.37
628.53
628.82
628.86
628.40
628.66
628.38
628.75
628.39
628.89
629.82
629.33
629.32
629.35
629.05
629.65
629.34
629.36
629.79
629.39
629.07
629.31
629.38
629.30
629.84
629.02
629.63
630.95
630.33
630.99
630.96
630.07
630.28
630.06
630.32
630.83
630.35
630.36
630.38
630.57
630.84
630.34
630.82
630.85
630.81
630.04
630.30
630.70
630.37
630.39
630.64
631.64
631.28
631.31
631.78
631.81
631.32
631.08
631.55
631.82
631.34
631.29
631.62
631.30
631.01
631.40
631.37
631.92
632.80
632.27
632.03
632.97
632.99
632.66
632.98
632.30
632.67
632.32
632.33
632.29
632.65
632.36
632.34
632.84
632.37
632.83
632.69
632.82
632.42
632.44
632.40
633.28
633.79
633.99
633.83
633.27
633.98
633.30
633.29
633.33
633.82
633.36
634.00
633.32
633.64
633.37
633.72
633.89
633.43
634.85
634.64
634.66
634.92
634.27
634.61
634.82
634.32
634.63
634.30
634.78
634.31
634.84
634.60
634.08
634.33
634.89
634.73
634.90
635.36
635.96
635.82
635.63
635.01
635.30
635.98
635.80
635.34
635.84
635.02
635.38
635.39
635.35
635.81
635.86
635.73
635.65
635.15
636.03
636.28
636.31
636.87
636.34
636.68
636.79
636.37
636.01
636.06
636.83
636.59
636.32
636.33
636.40
636.82
636.38
637.98
637.80
637.94
637.64
637.32
637.00
637.25
637.33
637.01
637.36
637.84
637.31
637.34
637.35
637.30
637.85
637.88
637.40
637.39
638.03
638.56
638.63
638.82
638.33
638.85
638.35
638.67
638.07
638.30
638.01
638.32
638.83
638.34
638.86
638.59
638.87
638.84
638.38
638.05
638.40
638.41
638.93
639.53
639.96
639.31
639.34
639.83
639.84
639.65
639.32
639.97
639.82
639.98
639.35
639.09
639.88
639.45
640.25
640.76
640.84
640.28
640.32
640.30
640.31
640.82
640.59
640.63
640.86
640.83
640.05
640.34
640.58
640.33
640.87
640.40
640.85
640.80
640.03
640.38
640.37
640.06
640.41
640.64
640.39
640.43
640.94
641.81
641.31
641.63
641.84
641.01
641.34
641.30
641.32
641.82
641.06
642.00
641.99
641.12
641.88
641.36
641.39
641.38
641.90
641.65
641.43
641.40
642.31
642.32
642.36
642.26
642.28
642.34
642.68
642.33
642.35
642.81
642.83
642.66
642.30
642.03
642.59
642.86
642.37
642.65
643.79
643.28
643.30
643.29
643.06
643.07
643.04
643.31
643.35
643.64
643.34
643.85
643.69
643.83
643.37
644.00
643.09
643.67
643.70
643.78
643.99
643.32
643.86
643.41
643.91
643.40
643.73
643.80
644.28
644.67
644.64
644.63
644.98
644.68
644.32
644.29
644.35
644.77
644.81
644.33
644.36
644.02
644.65
644.37
644.31
644.85
644.84
644.82
644.06
644.89
644.14
644.39
645.93
645.30
645.70
645.63
645.82
645.05
645.59
645.02
645.79
645.84
645.81
645.66
645.33
645.36
645.34
645.32
645.01
645.86
645.83
645.90
645.39
645.65
645.35
645.07
645.40
646.99
646.33
646.31
646.87
646.56
646.53
646.54
646.34
646.85
646.77
646.32
646.79
646.78
646.37
646.80
646.58
646.36
646.02
646.90
646.89
646.40
646.41
646.93
647.85
647.56
647.32
647.52
647.40
647.36
647.27
647.31
647.68
647.35
647.84
647.80
647.79
647.38
647.01
647.42
647.66
647.34
647.45
648.34
648.32
648.33
648.28
648.66
648.31
648.36
648.85
648.30
648.80
648.59
648.60
648.35
648.82
648.38
648.40
648.39
648.79
648.83
648.89
649.57
649.63
649.82
649.86
649.35
649.64
649.88
649.84
649.33
649.87
649.34
649.32
649.36
649.83
649.90
649.39
649.74
649.40
649.15
650.07
650.27
650.34
650.30
650.57
650.32
650.59
650.80
650.35
650.31
650.81
650.85
650.36
650.08
650.40
650.41
650.74
650.16
651.30
651.33
651.80
651.27
651.29
651.32
651.37
651.31
651.81
651.34
651.96
651.04
651.35
651.84
651.00
651.64
652.81
652.34
652.63
652.99
652.31
652.87
652.29
652.00
652.86
652.84
652.33
652.06
652.89
652.35
652.71
652.82
652.03
652.41
652.73
652.65
652.90
652.45
653.31
653.84
653.08
653.79
653.30
653.86
653.25
653.80
653.34
653.36
653.32
653.82
653.81
653.64
653.69
653.85
653.33
653.66
653.99
653.41
653.94
654.51
654.31
654.83
654.82
654.96
654.39
654.02
654.97
654.98
654.06
654.67
654.87
654.59
654.34
654.88
654.38
654.04
654.90
654.63
654.92
654.33
654.07
654.44
654.46
654.42
655.30
655.33
655.64
655.55
655.32
655.96
655.34
655.82
655.65
655.98
655.80
655.31
655.38
655.79
655.69
655.03
655.37
655.35
655.41
655.85
655.01
655.86
655.81
655.39
655.08
655.90
655.15
655.95
656.62
656.95
656.35
656.80
656.82
656.34
656.66
656.32
656.84
656.01
656.27
656.30
656.88
656.99
656.33
656.39
656.38
656.91
656.41
656.90
656.44
657.85
657.31
657.80
657.34
657.83
657.86
657.81
657.02
657.01
657.33
657.26
657.36
657.32
657.07
657.87
657.67
657.38
657.40
657.66
657.16
658.99
658.32
658.83
658.67
658.35
658.00
658.87
658.68
658.98
658.81
658.84
658.36
658.01
658.85
658.38
658.03
658.65
658.41
658.40
658.74
659.34
659.81
659.65
659.56
659.80
659.36
659.99
659.32
659.97
659.30
659.33
659.35
659.68
659.74
659.07
659.40
659.15
659.41
660.80
660.33
660.32
660.79
660.29
660.67
660.83
660.34
660.36
660.86
660.94
660.16
660.42
661.31
661.36
661.60
661.32
661.65
661.33
661.34
661.77
661.83
661.82
661.69
661.85
661.17
662.82
662.32
662.66
662.68
662.55
662.31
662.34
662.67
662.59
662.85
662.33
662.86
662.35
663.00
662.80
662.39
662.73
662.43
662.47
662.41
662.45
663.33
663.55
663.29
663.32
663.10
663.98
663.77
663.85
663.38
663.84
663.83
663.35
663.48
663.89
663.30
663.90
663.40
663.91
663.15
663.66
664.31
664.36
664.56
664.06
664.65
664.85
664.86
664.35
664.39
664.02
664.81
664.30
664.83
664.33
664.68
664.58
664.01
664.38
664.40
664.37
664.88
664.29
664.41
664.08
664.42
664.43
665.30
665.01
665.08
665.66
665.35
665.85
665.84
665.36
665.86
665.33
665.34
665.42
666.62
666.04
666.57
666.56
666.30
666.38
666.82
666.81
666.29
666.33
666.66
666.02
666.35
666.34
666.37
666.70
666.36
666.87
666.86
666.39
666.80
666.99
666.84
666.32
666.88
666.01
666.15
666.41
667.66
667.81
667.30
667.34
667.36
667.69
667.88
667.82
667.33
667.05
667.32
667.84
667.03
667.35
667.51
667.38
667.74
667.16
667.92
667.67
667.41
667.23
667.95
668.33
668.65
668.99
668.79
668.83
668.08
668.30
668.35
668.32
668.64
668.86
668.34
668.04
668.60
668.38
668.82
668.41
668.68
668.85
668.36
668.74
668.88
668.67
668.92
668.07
668.47
669.32
669.36
669.31
669.85
669.05
669.33
669.30
669.84
669.68
669.81
669.82
669.39
669.29
669.08
669.04
669.89
669.09
669.35
669.88
669.38
669.01
669.44
669.94
669.46
669.18
670.68
670.37
670.66
670.29
670.35
670.33
670.93
670.83
670.81
670.11
670.34
670.85
670.38
670.01
670.84
670.32
670.04
670.89
670.88
670.41
670.09
670.91
670.40
670.42
670.45
671.68
671.82
671.31
671.00
671.66
671.83
671.86
671.34
671.10
671.37
671.87
672.00
671.35
671.02
671.85
671.89
671.88
671.71
671.36
671.40
671.99
671.91
671.42
671.46
672.78
672.31
672.03
672.11
672.39
672.81
672.35
672.10
672.34
672.84
672.67
672.37
672.80
672.32
672.33
672.83
672.02
672.85
672.41
672.71
672.36
672.43
672.17
673.55
673.35
673.81
673.82
673.85
673.99
673.33
673.66
673.36
673.01
673.89
673.09
673.34
673.03
673.32
673.86
673.37
673.05
673.68
673.08
673.75
673.41
673.42
674.66
674.89
674.30
674.06
675.00
674.11
674.35
674.83
674.38
674.36
674.01
674.37
674.70
674.33
674.86
674.08
674.67
675.31
675.57
675.62
675.34
675.84
675.09
675.29
675.85
675.32
675.98
675.58
675.86
675.65
675.36
675.04
675.33
675.38
675.80
675.66
675.90
675.69
675.41
675.35
675.88
675.17
675.92
675.95
676.07
676.33
676.36
676.31
676.87
676.34
676.04
676.38
676.03
676.37
676.11
676.83
676.69
676.35
676.40
676.41
676.45
676.97
677.81
677.33
677.36
677.32
677.86
677.09
677.31
677.82
677.91
677.99
677.35
677.04
677.69
677.29
677.85
677.74
677.42
677.46
678.37
678.31
678.34
678.32
678.66
678.83
678.35
678.86
678.38
678.92
679.85
679.55
679.88
679.37
679.84
679.34
679.30
679.11
679.02
679.03
679.81
679.29
679.33
679.89
679.41
679.09
679.68
680.86
680.96
680.30
680.82
680.66
680.88
680.35
680.71
680.37
680.33
680.81
680.36
680.83
680.00
680.84
680.43
680.93
680.09
681.79
681.60
681.82
681.32
681.37
681.34
681.28
681.83
681.31
681.36
681.33
681.35
681.07
681.85
681.70
681.69
681.89
681.87
681.92
681.42
681.67
682.35
682.57
682.02
682.58
682.37
682.34
682.65
682.39
682.42
682.36
682.38
682.59
682.98
682.83
682.86
682.90
682.93
682.96
683.09
683.32
683.89
683.65
683.10
683.01
683.34
683.29
683.86
683.04
683.35
683.33
683.02
683.98
683.21
684.58
684.66
684.43
684.32
684.02
684.67
684.37
684.84
684.68
684.40
684.97
684.46
685.29
685.64
685.84
685.86
685.82
685.89
685.42
685.33
685.32
685.39
685.35
685.40
685.85
685.28
685.91
685.43
685.41
685.20
685.92
686.80
686.28
686.35
686.67
686.83
686.37
686.85
686.62
686.60
686.86
686.57
686.84
686.36
686.02
686.42
686.41
686.93
686.17
686.19
687.31
687.85
687.09
687.99
687.02
687.34
687.58
687.37
687.86
687.67
687.35
687.40
687.30
687.39
687.33
687.38
687.69
687.80
687.43
687.93
687.76
688.33
689.00
688.31
688.35
688.32
688.36
688.39
688.37
688.66
688.88
688.87
688.83
688.38
688.84
688.82
688.00
688.41
688.85
688.09
688.67
688.17
689.67
689.68
690.00
689.85
689.33
689.01
689.84
689.02
689.37
689.87
689.36
689.38
689.34
689.41
689.40
689.35
689.09
689.93
689.42
690.57
690.34
690.85
690.06
690.35
690.99
690.88
690.36
690.02
690.32
690.38
690.71
690.10
690.37
690.91
690.69
690.84
690.66
690.01
690.40
690.43
690.46
691.37
691.02
691.82
691.98
691.33
691.05
691.79
691.30
691.87
691.69
691.39
691.36
691.35
691.68
691.34
691.38
691.83
691.04
691.88
691.85
691.72
691.40
691.41
691.44
691.97
692.35
692.83
692.37
692.04
692.34
692.09
692.66
692.36
692.88
692.32
692.30
692.90
692.77
692.85
692.33
692.91
692.41
692.92
692.84
692.44
692.42
692.51
693.68
693.66
693.34
693.53
693.36
693.84
693.67
693.31
693.06
693.10
693.39
693.85
693.35
693.87
693.73
693.92
693.43
693.42
694.59
694.85
694.68
694.32
694.84
694.60
694.35
694.83
694.31
694.39
694.38
694.87
694.34
695.00
694.88
694.86
694.37
694.90
694.05
694.42
694.77
694.19
695.29
695.31
695.80
695.87
695.83
695.28
695.38
695.70
695.39
695.90
695.30
695.86
695.67
695.02
695.33
695.32
695.36
695.88
696.35
696.05
696.85
696.32
696.33
696.66
696.04
696.86
696.40
696.38
696.11
696.36
696.84
696.71
696.87
696.93
696.68
696.44
696.75
697.85
697.31
697.64
697.98
697.84
697.37
697.68
697.88
697.35
697.39
697.04
697.32
697.49
697.87
697.86
697.38
697.76
699.00
698.33
698.35
698.02
698.86
698.81
698.68
698.89
698.03
698.69
698.05
698.41
698.90
698.36
698.83
698.47
698.98
699.88
699.09
700.00
699.35
699.07
699.30
699.36
699.37
699.02
699.89
699.38
699.11
699.84
699.03
699.34
699.81
699.41
699.39
699.44
699.67
699.43
699.47
699.20
700.65
700.30
700.66
700.34
700.36
700.59
700.37
700.80
700.87
700.58
700.38
700.67
700.96
700.05
700.07
700.39
700.68
700.42
700.70
700.93
700.94
700.44
700.43
701.79
701.37
701.86
701.34
701.36
701.39
701.91
701.73
701.42
701.71
701.38
701.72
701.88
701.43
701.44
701.69
702.67
702.29
702.82
702.37
702.33
702.85
702.35
702.02
702.32
702.04
702.40
702.08
702.88
702.83
702.38
702.44
702.86
702.36
702.76
702.43
702.77
703.38
703.00
703.37
703.63
703.85
703.31
703.32
703.33
703.03
703.84
703.68
703.83
703.01
703.35
703.90
703.36
703.88
703.86
703.69
703.40
703.77
703.44
704.57
704.84
704.02
704.34
704.61
704.28
704.38
704.35
704.87
704.36
704.39
704.31
704.83
704.13
704.37
704.73
704.40
704.11
704.68
704.82
704.41
704.18
704.44
705.28
705.08
705.32
705.85
705.35
705.31
705.87
705.83
705.38
705.37
705.10
705.39
705.36
705.33
705.67
705.40
705.05
705.34
705.42
705.45
705.20
706.07
706.70
706.84
706.36
706.33
706.03
706.34
706.81
706.88
706.38
706.37
706.82
706.39
706.41
706.32
706.40
706.87
706.76
706.48
706.49
707.67
707.34
707.58
707.37
707.92
707.65
707.69
707.39
707.91
707.83
707.45
707.89
707.73
707.38
707.43
707.33
707.90
707.36
707.94
708.87
708.02
708.86
708.38
708.36
708.59
708.31
708.40
708.30
708.01
708.88
708.68
708.39
708.35
708.91
708.71
708.32
708.44
708.69
708.19
708.11
709.37
709.59
709.61
709.35
709.32
709.66
709.36
709.03
709.40
709.07
709.87
709.85
709.38
709.45
710.09
710.28
710.63
710.64
710.33
710.34
710.36
710.10
710.86
710.38
710.03
710.05
710.66
710.73
710.18
710.43
711.85
711.83
711.01
711.81
711.31
711.34
711.84
711.02
711.41
711.37
711.36
711.96
711.42
711.38
711.89
711.19
711.43
711.94
711.69
711.77
711.76
712.31
712.87
712.36
713.00
712.84
712.35
712.83
712.38
712.90
712.85
712.33
712.02
712.34
712.39
712.86
712.88
712.82
712.37
712.41
712.44
712.89
712.70
712.49
713.81
713.34
713.33
713.42
713.35
713.84
713.69
713.06
713.87
713.92
713.38
713.39
713.40
713.02
713.37
713.78
713.20
713.49
714.09
714.05
714.94
714.02
714.33
714.01
714.36
714.38
714.37
714.87
714.40
714.58
714.72
714.89
714.66
714.29
714.03
714.73
714.61
714.32
714.35
714.99
714.85
714.30
714.43
714.45
715.88
715.36
715.00
715.98
715.86
715.72
715.69
715.33
715.05
715.68
715.37
715.14
715.84
715.40
715.35
715.91
715.85
715.75
715.92
715.89
715.41
715.94
715.34
715.44
715.57
716.32
716.04
716.36
716.85
716.41
716.63
716.87
716.11
716.88
716.89
716.34
716.38
716.70
716.35
716.39
716.05
716.67
716.84
716.43
716.44
716.45
716.20
717.84
717.37
717.91
717.38
717.33
717.41
717.71
717.88
717.59
717.02
717.39
717.40
717.30
717.04
717.35
717.08
717.44
717.43
717.11
717.45
718.41
718.97
718.86
718.35
718.85
718.34
718.73
718.37
718.38
718.39
718.84
718.90
718.79
718.87
718.40
718.83
718.33
718.05
718.45
718.11
718.69
718.95
718.36
719.38
719.64
719.31
719.35
719.90
719.36
719.85
719.91
719.70
719.33
719.89
720.00
719.37
719.40
719.44
720.34
720.85
720.61
720.37
720.86
720.70
720.33
720.36
720.39
720.35
720.40
720.03
720.06
720.38
720.84
720.72
720.87
720.48
721.00
721.81
721.67
721.83
721.35
721.33
721.37
721.84
721.68
721.04
721.91
721.39
721.40
721.74
721.01
721.88
721.48
721.98
722.37
722.86
722.34
722.31
722.92
722.35
722.88
722.85
722.91
722.90
722.71
722.39
722.87
722.36
722.38
722.32
722.95
723.97
723.59
723.35
723.88
723.34
723.04
723.87
723.90
723.33
723.71
723.36
723.68
723.37
723.86
723.38
723.70
723.44
723.12
724.61
724.67
724.64
724.58
724.39
724.33
724.35
724.37
724.71
724.14
724.65
724.89
724.38
724.77
724.45
724.44
724.12
725.06
725.86
725.83
726.00
725.69
725.99
725.32
725.42
725.38
725.82
725.37
725.05
725.40
725.92
725.52
725.39
725.35
725.41
725.44
726.02
726.85
726.82
726.89
726.40
726.90
726.81
726.70
726.38
726.04
726.41
726.37
726.33
726.39
726.34
726.45
726.44
726.10
727.12
727.05
727.38
727.01
727.86
727.84
727.63
727.03
727.37
727.90
727.41
727.74
727.79
727.71
727.30
727.91
727.40
727.69
727.21
727.46
727.50
728.35
728.71
728.89
728.40
728.62
728.68
728.43
728.41
728.36
728.04
728.85
728.74
728.34
728.38
728.32
728.79
728.45
728.48
728.55
729.81
729.01
729.08
729.99
729.10
729.34
729.91
729.06
729.41
729.39
729.72
729.88
729.87
729.32
729.84
729.93
729.40
729.45
729.95
730.39
730.10
730.85
730.64
730.38
730.35
730.89
730.87
730.74
730.40
730.37
730.69
730.90
730.41
730.04
730.70
730.44
730.79
731.34
731.89
731.09
731.33
731.38
731.43
731.36
731.41
731.39
731.40
731.37
731.35
731.87
731.04
731.05
731.42
731.32
731.08
731.44
731.46
731.88
731.78
732.01
732.70
732.36
732.37
732.35
732.81
732.86
732.08
732.29
732.91
732.61
732.03
732.89
732.38
732.39
732.43
732.19
732.12
733.36
733.39
733.37
733.05
733.86
733.35
733.03
733.88
733.92
733.90
733.43
733.41
733.42
733.85
733.12
733.96
733.45
734.37
734.80
734.39
734.34
734.84
734.60
734.87
734.86
734.36
734.41
734.03
734.05
734.89
734.93
734.42
734.85
734.46
734.45
734.49
735.36
735.09
735.38
735.40
735.85
735.34
735.35
735.88
735.86
735.83
735.72
735.07
735.46
735.50
736.37
736.89
736.95
736.38
736.36
736.84
736.88
736.40
736.85
736.35
736.42
736.39
736.04
736.87
736.92
736.45
736.90
736.91
736.46
736.44
736.51
737.11
737.36
737.86
737.41
737.09
737.89
737.31
737.70
737.38
737.02
737.05
737.39
737.72
737.34
737.71
737.91
737.04
737.65
737.42
737.95
737.45
738.37
738.84
738.31
738.87
738.35
738.41
738.08
738.88
738.38
738.46
738.21
739.33
739.32
739.09
739.82
739.36
739.39
739.61
739.86
739.66
739.11
739.87
739.01
739.91
739.37
739.03
739.13
740.57
740.66
740.61
740.36
740.72
740.40
740.46
740.44
740.78
741.35
741.41
741.84
741.34
741.43
741.62
741.36
741.09
741.32
741.42
741.89
741.03
741.71
741.92
741.40
741.33
741.31
741.38
741.37
741.86
741.21
741.11
742.12
742.82
742.34
742.35
742.41
742.36
742.65
742.39
742.89
742.47
742.71
742.37
742.87
742.90
742.45
742.50
743.41
743.37
743.42
743.82
743.40
743.73
743.02
743.39
743.28
743.91
743.27
743.88
743.81
743.71
743.36
743.92
743.47
743.38
743.85
743.05
743.13
743.46
743.87
743.50
743.01
743.54
743.20
744.10
744.57
744.38
744.84
744.44
744.39
744.88
744.90
744.40
744.72
744.87
744.45
744.35
744.92
744.36
744.43
744.96
744.41
744.47
745.85
745.37
745.41
745.93
745.04
745.88
745.87
745.38
745.34
745.40
745.44
745.45
745.92
745.36
745.31
745.29
745.21
745.47
746.31
746.70
746.64
746.84
746.37
746.03
746.36
746.91
746.40
746.39
746.07
746.94
746.87
746.88
746.29
746.47
746.38
746.44
746.79
746.46
746.53
747.01
747.31
747.84
747.37
747.68
747.43
747.40
747.90
747.94
747.36
747.46
747.47
748.34
748.42
748.92
748.36
748.87
748.40
748.37
748.39
748.63
748.74
748.46
748.43
748.95
748.51
749.89
749.31
749.34
749.35
749.87
749.38
749.73
749.92
749.91
749.86
749.40
749.42
749.44
749.13
749.90
749.37
749.83
749.36
749.39
749.88
749.47
749.22
750.85
750.31
750.67
750.36
750.66
750.39
750.06
750.41
750.68
750.34
750.87
750.03
750.44
750.38
750.92
750.40
750.74
750.91
750.90
750.78
751.37
751.72
751.89
751.38
751.35
751.40
751.39
751.11
751.85
751.42
751.41
751.88
751.45
751.12
751.71
751.01
752.83
752.03
752.32
752.06
752.87
752.08
752.39
752.86
752.37
752.38
752.41
752.40
752.76
752.10
752.89
752.88
752.13
752.47
753.37
753.34
753.86
753.41
753.02
753.49
753.26
753.38
753.97
753.47
753.43
753.81
753.39
754.34
754.33
754.93
754.07
754.87
754.38
754.36
754.37
754.05
754.32
754.66
754.41
754.44
754.21
755.05
755.42
755.11
755.35
755.85
755.08
755.76
755.39
755.36
755.70
755.86
755.89
755.94
755.88
755.97
755.79
756.91
756.89
756.88
756.00
756.46
756.39
756.35
756.41
756.40
756.47
757.88
757.35
757.41
757.36
757.85
757.38
757.43
757.86
757.89
757.39
757.78
757.33
757.87
757.01
757.40
757.02
758.44
758.36
758.92
758.03
758.40
758.85
758.38
758.35
758.88
758.37
758.78
758.41
758.83
758.76
758.91
758.34
758.22
758.46
758.82
758.14
758.45
758.01
759.84
759.37
759.35
759.42
759.72
759.38
759.87
759.41
759.90
759.92
759.66
759.05
759.89
759.88
759.86
759.36
760.85
760.38
760.14
760.39
760.06
760.91
760.40
760.05
760.11
760.35
760.92
760.41
760.46
760.23
761.42
761.36
761.90
761.69
761.09
761.07
761.85
761.35
761.01
761.88
761.37
761.05
761.38
761.10
761.87
761.43
761.92
761.95
761.47
761.80
761.13
762.32
762.88
762.73
762.41
762.37
762.39
762.74
762.94
762.76
762.92
762.47
762.72
763.34
763.67
763.94
763.88
763.32
763.38
763.39
763.89
763.68
763.40
763.36
763.47
763.86
763.09
763.41
763.35
763.93
764.33
764.35
764.41
764.39
764.40
764.38
764.70
764.90
764.43
764.42
764.89
764.94
764.05
764.46
764.54
765.33
765.71
765.38
765.87
765.41
765.89
765.06
765.35
765.88
765.40
765.85
765.84
765.36
765.39
765.74
765.93
765.02
766.04
766.85
766.86
766.32
766.39
766.43
766.37
766.36
766.97
767.01
767.38
767.35
767.41
767.36
767.37
767.34
767.89
767.43
767.94
767.44
767.39
767.65
767.02
767.88
767.91
767.46
767.47
768.34
768.89
768.87
768.38
768.04
768.92
768.37
768.36
768.39
768.86
768.98
768.47
768.15
769.07
769.42
769.88
769.11
769.38
769.08
769.37
769.66
769.84
769.40
769.39
769.91
769.90
769.45
769.46
769.94
769.47
770.35
770.78
770.32
770.88
770.31
770.37
770.91
770.38
770.04
770.92
770.95
770.40
770.41
770.85
770.43
770.06
770.36
770.45
770.47
771.93
771.15
771.35
771.37
771.40
771.89
771.91
771.46
771.87
771.73
771.86
771.38
771.84
771.36
771.94
771.41
771.47
771.48
771.23
771.53
772.84
772.63
772.72
772.37
772.88
772.08
772.42
772.90
772.33
772.89
772.64
772.83
772.58
772.76
772.38
772.69
772.48
772.51
773.60
773.33
773.70
773.15
773.34
773.89
773.87
773.44
773.45
773.42
773.75
773.40
773.97
773.90
773.73
774.85
774.39
774.35
774.87
774.67
774.43
774.40
774.34
774.36
774.69
774.41
774.38
774.70
774.45
774.95
774.89
774.92
775.09
775.36
775.39
775.38
775.94
775.41
775.07
775.37
775.87
775.89
775.86
775.93
775.98
775.81
776.71
776.39
776.90
776.89
776.38
776.40
776.37
776.87
776.33
776.94
776.92
776.93
776.46
776.47
776.72
776.14
776.23
777.88
777.91
777.60
777.92
777.61
777.36
777.35
777.10
777.38
777.40
777.89
777.32
777.39
777.42
777.08
777.84
777.34
779.00
778.40
778.43
778.39
778.41
778.37
778.33
778.36
778.83
778.00
778.71
778.86
778.88
778.95
778.23
778.48
779.41
779.34
779.35
779.05
779.36
779.38
779.74
779.89
779.91
779.39
779.44
779.83
779.93
779.40
779.94
779.79
779.87
779.49
780.32
780.89
780.36
780.72
780.38
780.44
780.90
780.88
780.42
780.86
780.91
780.37
780.94
780.41
780.39
780.53
780.47
780.97
781.36
781.61
781.35
781.91
781.39
781.90
781.89
781.83
781.88
781.40
781.41
781.38
781.45
781.37
781.48
782.88
782.42
782.38
782.36
782.90
782.44
782.33
782.91
782.12
782.39
782.87
782.95
782.09
782.04
782.37
782.40
782.48
782.74
782.49
783.37
783.12
783.87
783.16
783.70
783.11
783.05
783.36
783.39
783.43
783.33
783.95
783.40
784.40
784.32
784.92
784.41
784.04
784.36
784.88
784.39
784.89
784.47
784.43
784.87
784.90
784.94
784.38
784.49
785.89
785.90
785.37
785.42
785.39
785.35
785.04
785.94
785.40
785.72
785.44
785.91
785.38
785.81
786.40
786.41
786.85
786.17
786.33
786.72
786.90
786.73
786.89
786.86
786.43
786.42
786.05
786.93
786.52
786.53
787.61
787.38
787.14
787.11
787.40
787.41
787.06
787.43
787.35
787.91
787.90
787.42
787.49
788.34
788.89
788.33
788.59
788.37
788.90
788.44
788.45
788.10
788.35
788.91
788.42
788.94
788.99
788.98
789.14
789.43
789.89
789.86
789.37
789.60
789.87
789.41
789.90
789.08
789.38
789.71
789.40
789.93
789.77
789.97
789.45
789.49
789.91
790.34
790.88
790.46
790.58
790.77
790.87
790.39
790.89
790.37
790.42
790.36
790.76
790.95
790.08
791.38
791.36
791.83
791.81
791.34
791.06
791.08
791.35
791.74
791.40
791.97
791.37
791.91
791.66
791.92
791.73
791.44
791.87
791.95
791.46
791.48
792.33
792.87
792.41
792.85
792.42
792.95
792.08
792.69
792.89
792.43
792.36
792.39
792.40
792.45
793.81
793.35
793.69
793.38
793.44
793.88
793.12
793.37
793.45
793.73
793.90
793.93
793.02
793.36
793.91
793.92
793.41
793.25
794.84
794.07
794.36
794.93
794.88
794.40
794.89
794.91
794.43
794.06
794.53
795.84
795.34
795.88
795.89
795.32
795.94
795.39
795.38
795.43
795.91
795.77
795.44
795.40
795.37
795.93
795.36
795.49
796.36
796.33
796.35
796.11
796.38
796.44
796.87
796.88
796.95
796.39
796.92
796.94
796.42
796.41
796.49
797.34
797.39
797.88
797.42
797.32
797.91
797.95
797.37
797.45
797.41
797.28
797.94
797.50
797.49
798.68
798.86
798.87
798.88
798.94
798.41
798.95
798.70
798.34
798.96
798.39
798.92
798.40
798.23
798.42
799.40
799.33
799.92
799.37
799.90
799.38
799.43
799.36
799.45
799.41
799.91
799.95
799.39
799.79
800.00
800.83
800.33
800.36
800.88
800.92
800.90
800.40
800.08
800.43
800.44
800.42
800.39
800.37
800.45
800.86
801.68
801.88
801.11
801.84
801.89
801.42
801.35
801.37
801.39
801.90
801.43
801.45
801.92
801.40
801.96
801.12
801.38
801.75
801.53
801.54
801.05
802.33
802.39
802.89
802.41
802.40
802.43
802.94
802.45
802.92
802.38
802.02
802.90
802.91
802.48
802.49
803.84
803.39
803.37
803.89
803.88
803.41
803.07
803.42
803.43
803.45
803.46
803.94
804.02
804.47
804.38
804.68
804.85
804.42
804.41
804.46
804.89
804.73
804.43
804.72
804.45
804.40
804.94
804.70
804.92
804.39
804.93
804.49
804.50
805.41
805.87
805.86
805.42
805.08
805.85
805.40
805.91
805.45
805.44
805.77
805.39
805.95
805.06
805.79
806.34
806.06
806.41
806.42
806.72
806.71
806.33
806.73
806.40
806.90
806.43
806.44
806.92
806.95
806.50
806.75
807.85
807.14
807.39
807.38
807.44
807.42
807.37
807.91
807.34
807.88
807.43
807.89
807.96
807.93
807.92
807.46
807.94
807.41
808.41
808.89
808.84
808.93
808.40
808.38
808.86
808.42
808.95
808.44
808.92
808.75
809.05
809.38
809.94
809.11
809.40
809.41
809.44
809.88
810.09
810.44
810.42
810.90
810.39
810.64
810.43
810.91
810.92
810.87
810.45
811.08
811.40
811.42
811.66
811.38
811.49
811.88
811.95
812.39
812.37
812.45
812.11
812.92
812.08
812.40
812.88
812.73
812.94
812.90
812.34
812.41
812.91
813.91
813.34
813.35
813.85
813.92
813.42
813.39
813.38
813.90
813.41
813.78
813.37
813.01
813.50
814.00
814.71
814.92
814.83
814.40
814.94
814.38
814.93
814.91
814.67
814.41
814.37
814.36
814.42
814.07
815.00
815.41
815.42
815.38
815.11
815.40
815.76
815.93
815.14
815.74
815.36
815.44
815.91
815.43
815.26
816.41
816.57
816.06
816.08
816.90
816.03
816.42
816.92
816.45
816.48
816.43
816.46
816.49
817.45
817.17
817.05
817.44
817.39
817.40
817.93
817.42
818.05
818.38
818.09
818.37
818.62
818.39
818.42
818.46
818.34
818.44
818.91
818.79
818.40
818.95
818.93
818.49
818.01
818.21
819.75
819.38
819.78
819.39
819.44
819.88
819.42
819.89
819.93
819.40
819.92
819.90
819.87
819.37
819.95
820.38
820.35
820.40
820.87
820.42
820.36
820.43
820.39
820.86
820.46
820.99
820.41
820.92
820.49
821.93
821.90
821.40
821.39
821.86
821.42
821.45
821.41
821.44
822.29
822.37
822.40
822.95
822.46
822.38
822.17
822.48
822.87
822.36
822.41
822.44
822.45
822.01
823.43
823.42
823.44
823.39
823.41
823.40
823.45
823.05
823.88
823.92
824.86
824.37
824.95
824.89
824.43
824.41
824.91
824.92
824.42
824.45
824.50
825.39
825.37
825.38
825.40
825.89
825.97
825.75
825.10
825.95
825.92
825.43
825.42
825.85
825.46
825.00
825.51
826.36
826.74
826.38
826.64
826.83
826.93
826.42
826.17
826.45
826.10
826.41
826.26
826.52
827.42
827.29
827.03
827.90
827.18
828.37
828.96
828.92
828.42
828.87
828.76
828.43
828.36
828.05
828.44
828.38
828.52
828.40
828.51
829.45
829.86
829.90
829.44
829.97
829.42
829.07
829.17
829.46
829.94
829.38
829.89
829.39
830.90
830.34
830.88
830.66
830.09
830.91
830.87
830.36
830.93
830.07
830.42
830.08
830.82
831.66
831.39
831.40
831.01
831.94
831.42
831.07
831.44
831.43
831.75
831.93
831.56
832.89
832.91
832.41
832.44
832.04
832.39
832.94
832.43
832.78
832.87
833.34
833.41
833.43
833.79
833.45
833.17
833.06
833.09
833.37
833.44
833.90
833.48
833.01
833.51
834.93
834.06
834.39
834.44
834.16
834.86
834.35
834.68
834.45
834.52
835.70
835.92
835.40
835.39
835.63
835.89
835.88
835.41
835.94
835.91
835.46
835.99
835.44
835.14
835.51
835.58
836.32
836.73
836.45
836.42
836.97
836.07
836.37
836.41
836.94
836.47
836.44
836.39
836.38
836.52
837.42
837.41
837.44
837.90
837.40
837.23
837.95
837.91
837.98
837.88
837.27
837.52
838.90
838.89
838.40
838.39
838.42
838.47
838.43
838.45
838.76
838.94
838.44
838.37
838.57
839.88
839.42
839.74
839.91
839.41
839.86
839.38
839.92
839.47
839.43
839.99
839.45
839.46
839.50
839.51
840.39
840.30
840.35
840.13
840.66
840.04
840.41
840.34
840.42
840.09
840.68
840.93
840.40
840.77
840.00
840.51
840.53
841.40
841.10
841.42
841.91
841.39
841.44
841.41
841.96
841.43
841.90
841.37
841.87
841.48
841.99
842.39
842.90
842.40
842.41
842.97
842.42
842.94
842.95
842.43
842.93
842.91
842.03
842.46
842.26
843.70
843.91
843.43
843.90
843.92
843.41
843.83
843.45
843.42
843.07
843.94
844.40
844.94
844.91
844.71
844.43
844.93
844.47
844.48
844.87
844.45
844.95
844.11
844.14
845.66
845.38
845.44
845.91
845.42
845.80
845.40
845.46
845.47
845.92
845.41
845.45
845.48
846.41
846.04
846.93
846.44
846.92
846.95
846.40
846.46
846.77
846.47
846.45
846.42
846.74
846.94
846.51
846.07
847.36
847.92
847.46
847.86
847.41
847.42
847.98
847.95
847.11
847.38
847.50
847.44
847.01
848.92
848.10
848.89
848.67
848.42
848.85
848.46
848.88
848.45
848.77
848.41
848.91
848.93
848.90
848.03
848.28
849.69
849.47
849.44
849.42
849.45
849.32
849.41
849.92
849.97
849.95
849.39
849.12
850.94
850.40
850.92
850.91
850.07
850.45
850.42
850.87
850.89
850.96
850.46
851.93
851.39
851.41
851.96
851.47
851.89
851.95
851.94
851.87
851.44
851.45
851.65
851.86
851.25
852.90
852.86
852.45
852.41
852.43
852.42
852.05
852.44
852.72
852.89
852.46
853.92
853.36
853.46
853.91
853.40
853.45
853.39
853.42
853.73
853.93
853.41
853.94
854.46
854.42
854.41
854.91
854.45
854.98
854.93
854.38
854.43
854.94
854.58
854.66
855.04
855.42
855.39
855.48
855.40
855.78
855.46
855.41
855.94
855.43
855.52
855.59
855.25
855.66
856.35
856.38
856.33
856.14
856.93
856.65
856.36
856.95
856.91
856.77
856.15
856.40
856.44
856.88
856.92
856.75
856.12
856.89
856.96
856.43
856.47
856.25
857.38
857.08
857.39
857.45
857.44
857.46
857.47
857.50
857.40
857.66
858.41
858.89
858.91
858.42
858.92
858.47
858.46
858.45
858.96
858.94
859.84
859.90
859.44
859.71
859.89
859.42
859.05
859.98
859.41
859.72
859.93
859.86
859.46
859.45
859.43
859.29
860.85
860.38
860.12
860.48
860.44
860.41
860.43
860.40
860.79
860.93
860.76
860.96
860.42
860.97
860.45
860.49
861.44
861.38
861.33
861.09
861.91
861.42
861.08
861.78
861.89
861.40
861.43
861.96
861.46
861.90
862.46
862.14
862.40
862.85
862.18
862.44
862.38
862.43
862.49
862.97
862.98
862.41
863.40
863.91
863.04
863.41
863.45
863.42
863.94
863.39
863.97
863.48
863.96
863.43
864.38
864.03
864.60
864.97
864.93
864.43
864.39
864.92
864.41
864.88
864.78
864.45
864.70
865.92
865.68
865.94
865.41
865.35
865.45
865.44
865.43
865.48
865.59
866.85
866.68
866.94
866.99
866.40
866.74
866.42
866.96
866.44
866.95
866.38
866.91
866.47
866.98
867.35
867.89
867.42
867.09
867.05
867.45
867.43
867.41
867.44
867.94
867.87
867.46
867.95
867.48
867.37
868.23
868.33
868.92
868.41
868.42
868.44
868.91
868.46
868.93
868.49
868.90
868.48
868.53
868.52
869.75
869.41
869.94
869.98
869.93
869.44
869.45
869.43
869.49
869.99
869.91
869.55
869.03
870.95
870.92
870.43
870.44
870.94
870.09
870.10
870.29
870.54
871.67
871.44
871.75
871.12
871.91
871.38
871.49
871.46
872.93
872.46
872.68
872.47
872.91
872.41
872.45
872.43
872.40
872.78
872.54
872.38
872.88
873.91
873.95
873.98
873.48
873.97
873.44
873.90
873.43
873.47
873.05
874.90
874.41
874.94
874.78
874.46
874.47
874.96
874.45
874.92
874.74
874.89
875.69
875.42
875.37
875.97
875.89
875.43
875.41
875.93
875.76
875.95
875.92
876.02
876.45
876.77
876.41
876.11
876.93
876.12
876.42
876.44
876.37
876.03
876.49
876.48
876.82
877.46
877.39
877.78
877.06
877.44
877.93
877.83
877.20
877.97
877.92
877.43
877.04
878.95
878.46
878.71
878.12
878.94
878.42
878.47
878.89
878.97
878.81
879.07
879.44
879.39
879.85
879.43
879.89
879.96
879.75
879.99
880.44
880.16
880.47
880.80
880.40
880.97
880.43
881.84
881.40
881.43
881.92
881.93
881.44
881.76
882.00
881.48
881.95
881.45
881.41
881.80
882.95
882.74
882.93
882.92
882.43
882.51
882.96
882.86
882.81
882.91
882.45
882.42
883.41
883.80
883.95
883.12
883.93
883.91
883.43
883.92
883.51
883.10
884.89
884.38
884.90
884.45
884.42
884.76
884.97
884.93
884.48
884.98
884.47
885.00
885.37
885.88
885.95
885.40
885.42
885.43
885.44
885.94
885.49
885.47
885.96
885.10
885.48
885.50
885.98
885.92
885.55
886.43
886.95
886.98
886.44
886.96
886.47
886.99
886.97
886.92
886.89
887.90
887.42
887.93
887.88
887.94
887.46
887.95
887.98
887.81
888.41
888.09
888.39
888.44
888.47
888.43
888.93
888.49
890.00
889.46
889.43
889.89
889.42
889.44
889.45
889.92
889.48
889.96
889.93
889.90
890.49
890.47
890.96
890.44
890.91
890.45
890.43
890.40
891.03
891.13
891.11
891.44
891.94
891.93
891.89
891.82
891.16
891.46
891.43
891.41
891.45
891.96
892.14
892.48
892.45
892.44
892.49
892.95
892.40
892.47
893.81
893.66
893.87
893.43
893.11
893.48
893.02
893.98
893.93
893.46
893.47
893.42
894.94
894.42
894.47
894.43
894.96
894.03
894.41
894.99
894.52
894.38
895.97
895.75
895.89
895.43
895.94
895.77
895.92
895.45
895.41
895.10
896.93
896.46
896.75
896.44
896.06
896.89
896.92
896.45
897.42
897.97
897.47
897.93
897.12
897.45
897.96
897.90
897.83
897.92
897.46
898.08
898.46
898.96
898.42
898.47
898.98
898.45
898.95
898.54
898.43
898.79
898.72
898.51
898.00
898.40
898.57
899.70
899.44
899.43
899.94
899.92
899.95
899.41
899.12
899.52
899.46
899.54
899.55
900.11
900.98
900.44
900.46
900.97
900.47
900.88
901.96
901.76
901.20
901.46
901.44
901.77
901.50
901.75
901.48
901.47
901.42
901.98
901.45
901.99
902.97
902.46
902.45
902.91
902.49
902.00
903.38
903.88
903.15
903.47
903.45
903.46
903.95
903.92
903.52
903.56
904.96
904.09
904.20
904.47
904.45
904.00
904.56
904.46
905.45
905.48
905.50
905.98
906.76
906.92
906.74
906.01
906.89
906.16
906.46
906.42
906.66
906.93
906.48
906.38
906.44
906.43
906.49
907.16
907.42
907.50
907.43
907.14
907.44
907.41
907.99
907.47
907.98
908.62
908.05
908.96
908.00
908.82
908.43
908.44
908.97
909.45
909.76
909.95
909.77
909.96
909.50
909.46
909.47
909.49
910.45
910.41
910.93
910.96
910.42
910.46
910.92
910.89
910.48
910.97
910.47
910.64
911.38
911.88
911.87
911.37
911.45
911.20
911.44
911.46
911.43
911.49
911.01
911.40
911.94
911.52
912.46
912.17
912.42
912.93
912.92
912.48
912.99
912.94
912.47
912.20
913.47
913.97
913.45
913.41
914.87
914.40
914.75
914.93
914.36
914.43
914.48
914.13
914.96
914.99
914.42
915.39
915.79
915.44
915.45
915.09
915.16
915.94
915.47
915.95
916.45
916.87
916.99
916.49
916.44
916.46
916.93
917.42
917.15
917.89
917.45
917.39
917.46
917.83
917.49
917.96
918.39
918.38
918.45
918.98
918.95
918.47
918.50
918.75
918.44
919.14
919.89
919.88
919.40
919.49
919.92
919.46
919.98
919.48
919.93
919.43
919.94
919.44
919.96
919.95
919.45
919.57
920.46
920.96
920.97
920.52
920.01
920.15
920.45
920.47
921.89
921.96
921.47
921.95
921.07
921.45
921.49
921.40
921.51
922.69
922.91
922.44
922.42
922.47
922.98
922.01
922.48
922.95
922.39
923.89
923.45
923.49
923.48
923.43
924.92
924.40
924.44
924.46
924.80
924.45
924.95
924.97
924.94
924.50
924.47
924.49
924.52
924.88
925.42
925.93
925.95
925.70
925.91
925.46
925.94
925.48
925.92
925.61
926.12
926.11
926.89
926.47
926.16
926.44
926.96
926.48
926.95
926.91
926.53
926.50
927.99
927.46
927.47
927.21
927.91
927.97
927.94
927.01
927.44
927.88
928.91
928.43
928.47
928.48
928.97
929.50
929.91
929.45
929.13
929.01
929.23
929.47
929.89
929.99
929.48
930.34
930.47
930.97
930.12
930.43
930.96
930.44
930.51
931.91
931.89
931.90
931.48
931.93
931.43
931.50
931.99
932.38
932.90
932.67
932.47
932.02
932.48
932.49
932.45
933.44
933.45
933.50
933.43
933.49
933.47
933.78
933.48
934.89
934.47
934.40
934.43
934.92
934.24
934.49
934.46
934.18
934.50
934.93
934.96
934.25
935.96
935.51
935.91
935.86
935.46
935.48
935.44
936.00
936.92
936.11
936.48
936.99
936.37
936.43
936.45
936.51
936.52
936.98
936.33
937.97
937.48
937.44
937.47
937.78
937.99
938.43
938.94
938.88
938.45
938.06
938.74
938.18
939.00
938.80
938.54
938.16
939.43
939.90
939.41
939.45
939.42
939.04
939.95
939.98
939.46
939.82
940.48
940.02
940.43
940.96
941.38
941.48
941.45
941.95
941.46
941.99
942.00
941.51
941.43
941.54
942.43
942.78
942.95
942.76
942.45
942.47
942.53
942.48
942.02
943.72
943.36
943.44
943.96
943.94
943.82
943.97
943.79
943.83
943.03
943.57
944.45
944.95
944.47
944.97
944.08
944.22
944.01
944.11
944.49
944.99
944.53
945.93
945.41
945.92
945.47
945.51
945.44
945.43
945.52
945.54
945.04
945.50
945.97
946.93
946.97
946.51
946.17
946.98
946.95
947.45
947.46
947.15
947.72
947.97
947.95
947.73
947.52
948.15
948.07
948.49
948.50
948.98
948.51
948.18
948.97
948.94
948.46
948.40
948.02
948.59
949.45
949.47
949.46
949.02
949.99
949.50
950.98
950.17
950.50
950.52
950.48
950.93
950.42
950.84
950.78
950.41
950.51
951.88
951.41
951.94
951.72
951.97
951.93
951.43
951.00
951.52
952.95
952.47
952.48
952.49
952.41
952.50
952.02
952.52
953.46
953.15
953.99
953.98
954.46
954.85
954.43
954.96
954.47
954.95
954.48
954.44
955.37
955.45
955.24
955.92
955.99
955.49
955.83
955.85
957.00
956.45
956.54
956.96
956.16
956.46
956.00
957.43
957.51
957.50
957.44
957.48
957.96
958.13
958.46
958.97
958.43
958.01
958.84
958.51
958.96
959.88
959.35
959.81
959.44
959.70
959.04
959.54
959.93
959.42
959.47
960.95
960.94
960.59
960.03
961.50
961.41
961.48
961.89
961.98
961.46
962.88
962.48
962.50
962.53
962.94
962.75
962.44
962.46
963.00
963.91
963.51
963.43
963.11
963.98
963.49
963.60
963.26
964.41
964.11
965.00
964.45
964.89
964.46
965.48
965.46
965.99
965.53
965.95
965.94
965.45
965.77
965.86
965.05
965.49
965.50
965.04
965.47
966.45
966.53
966.49
966.72
967.39
967.49
967.93
967.82
967.20
967.48
967.47
968.39
968.89
968.16
968.77
968.45
968.01
968.43
968.42
969.43
969.99
969.54
969.39
969.13
969.46
970.90
970.82
970.01
970.49
970.99
971.98
971.05
971.48
971.86
971.45
971.00
971.49
971.01
972.45
972.46
972.49
972.42
972.00
973.98
973.39
973.52
973.01
973.42
973.45
974.45
974.18
974.43
974.20
974.78
974.00
974.51
974.55
974.63
975.47
975.56
975.23
975.97
976.00
975.51
976.94
976.48
976.49
976.53
976.54
976.03
977.80
977.00
977.44
977.47
977.48
977.50
977.96
977.49
977.45
977.01
978.44
978.97
978.02
978.46
978.28
979.39
979.96
979.57
979.72
979.53
979.99
979.48
979.52
979.51
979.05
980.41
980.23
980.47
980.01
980.48
980.99
980.00
980.56
980.49
981.39
981.50
981.47
981.98
981.49
981.42
981.95
982.45
982.99
982.89
982.97
982.48
982.49
982.01
982.02
983.96
983.48
983.52
983.12
983.45
983.02
984.92
984.49
984.50
984.54
984.74
985.02
985.01
985.44
985.47
985.43
985.99
986.45
986.49
986.16
986.50
986.53
987.09
987.14
987.51
987.96
987.52
987.47
987.97
987.03
987.49
987.60
988.48
988.98
988.93
988.51
988.00
988.47
989.49
989.76
989.01
990.35
990.48
990.52
990.01
991.00
991.47
991.54
991.99
991.46
991.50
992.44
992.49
992.12
992.94
992.50
992.23
993.26
993.43
993.39
993.40
993.53
993.29
994.49
994.00
994.16
994.86
994.53
994.52
994.47
994.51
994.50
994.80
995.47
995.49
995.51
995.13
995.99
996.47
996.00
996.48
996.55
997.46
997.02
997.04
997.53
997.52
998.52
998.84
998.02
999.99
999.00
999.97
999.66
999.90
999.07
999.52
999.48
999.56
999.98
999.29
1000.00
1000.50
1000.99
1000.55
1000.29
1001.14
1001.97
1001.02
1001.53
1001.52
1001.06
1001.50
1001.51
1001.84
1002.84
1002.98
1002.57
1002.95
1002.96
1002.50
1002.51
1002.23
1002.46
1002.54
1003.47
1003.50
1003.56
1003.06
1003.00
1003.46
1003.07
1003.18
1004.45
1004.50
1004.43
1005.89
1005.43
1005.93
1005.55
1005.94
1005.98
1005.46
1005.99
1006.49
1006.03
1006.52
1006.94
1006.98
1007.48
1007.47
1007.99
1007.03
1007.44
1007.51
1007.98
1007.63
1007.29
1007.58
1007.62
1008.42
1008.03
1008.49
1008.97
1008.22
1008.54
1008.01
1008.51
1009.00
1008.57
1009.98
1009.52
1009.50
1010.00
1009.07
1010.47
1010.49
1010.48
1010.51
1010.01
1010.50
1010.96
1010.02
1011.94
1011.44
1011.50
1011.37
1011.01
1011.48
1011.57
1011.07
1012.85
1012.06
1012.50
1012.99
1012.56
1012.58
1013.81
1013.55
1013.18
1013.47
1014.47
1014.48
1014.46
1014.54
1014.51
1015.76
1015.91
1015.96
1015.46
1015.06
1015.99
1015.93
1016.40
1016.46
1016.97
1016.16
1016.02
1016.52
1016.53
1016.50
1016.03
1016.95
1017.42
1017.49
1017.99
1017.47
1017.52
1017.05
1018.93
1018.43
1018.53
1018.03
1018.46
1018.76
1018.48
1018.45
1019.15
1019.98
1019.48
1019.46
1019.00
1019.58
1020.48
1020.50
1020.51
1020.02
1021.98
1021.14
1022.48
1022.84
1022.44
1022.54
1022.30
1023.48
1023.96
1023.98
1023.93
1023.99
1024.51
1024.05
1024.03
1024.50
1024.02
1024.04
1025.98
1025.52
1025.51
1025.03
1025.54
1026.49
1026.98
1026.05
1026.50
1026.01
1026.47
1027.50
1027.49
1027.47
1027.87
1027.06
1027.48
1027.02
1027.59
1027.94
1028.55
1028.56
1028.54
1029.26
1029.76
1029.92
1029.51
1029.06
1029.77
1029.88
1029.97
1029.52
1029.57
1030.17
1030.43
1030.49
1030.51
1030.98
1030.01
1031.47
1031.96
1032.53
1032.52
1032.86
1033.51
1033.01
1034.53
1034.52
1035.98
1035.53
1035.50
1035.57
1035.54
1035.99
1035.94
1036.96
1036.80
1036.14
1036.81
1036.53
1036.44
1036.99
1036.52
1037.98
1037.51
1037.55
1037.48
1037.08
1037.99
1039.00
1038.46
1038.02
1038.47
1040.49
1040.01
1040.59
1040.57
1041.47
1041.51
1041.99
1041.53
1041.01
1041.04
1042.01
1042.18
1042.03
1042.51
1042.44
1042.54
1043.99
1043.54
1043.86
1044.43
1044.06
1044.56
1044.04
1045.54
1045.01
1045.08
1045.48
1046.46
1046.53
1046.55
1046.99
1046.52
1047.52
1047.51
1047.03
1047.02
1048.95
1048.57
1049.06
1050.78
1050.01
1050.03
1050.50
1050.47
1050.52
1051.43
1051.01
1051.51
1051.08
1051.65
1052.46
1052.04
1052.03
1052.57
1052.56
1052.54
1053.00
1053.44
1053.53
1053.03
1054.05
1054.54
1054.08
1054.53
1054.04
1055.92
1055.02
1055.51
1055.54
1055.55
1056.59
1056.93
1056.53
1056.54
1057.52
1058.19
1058.59
1059.99
1059.56
1059.03
1059.60
1059.88
1059.52
1059.06
1060.55
1060.93
1061.76
1061.51
1061.04
1062.51
1062.94
1062.53
1063.04
1063.05
1063.56
1064.02
1064.51
1064.49
1064.77
1064.53
1064.57
1064.52
1064.56
1065.95
1065.07
1065.77
1065.06
1065.04
1066.47
1066.27
1066.99
1066.57
1067.52
1069.38
1069.97
1069.53
1069.48
1069.54
1071.01
1071.00
1071.19
1071.03
1071.48
1071.49
1071.44
1071.98
1072.07
1073.86
1073.00
1073.52
1073.45
1073.55
1073.03
1073.01
1073.53
1074.49
1074.04
1074.06
1075.01
1076.07
1077.96
1077.06
1077.51
1078.48
1078.04
1078.46
1078.45
1078.55
1079.04
1079.54
1080.55
1080.16
1080.06
1081.50
1081.05
1081.17
1081.60
1082.96
1082.10
1082.52
1082.56
1082.08
1082.26
1083.22
1083.55
1083.52
1083.51
1083.99
1084.13
1084.58
1085.54
1085.05
1085.51
1086.04
1086.54
1086.57
1086.99
1087.57
1088.49
1089.62
1090.96
1090.59
1090.05
1090.49
1090.54
1091.11
1091.47
1092.60
1092.02
1092.57
1093.81
1094.97
1094.09
1094.53
1095.06
1095.60
1095.48
1095.55
1096.02
1096.12
1097.03
1099.58
1099.06
1099.51
1099.26
1099.47
1099.50
1100.89
1101.04
1101.23
1101.61
1101.76
1102.13
1102.01
1103.55
1104.98
1104.16
1104.51
1104.55
1104.56
1104.63
1105.99
1106.06
1106.51
1107.21
1107.51
1107.54
1108.14
1108.50
1108.55
1109.49
1109.26
1109.56
1110.56
1111.92
1111.59
1112.78
1112.23
1112.25
1112.07
1113.83
1113.18
1113.52
1113.55
1113.07
1113.77
1114.99
1114.04
1114.55
1114.97
1115.57
1115.03
1115.55
1116.51
1116.11
1116.03
1117.95
1117.65
1117.07
1117.51
1118.60
1119.00
1118.02
1119.46
1121.03
1122.46
1122.57
1124.54
1124.57
1125.56
1127.66
1128.05
1128.10
1129.50
1129.49
1129.27
1130.57
1130.99
1130.54
1131.85
1131.22
1131.25
1131.56
1132.07
1133.14
1133.50
1134.56
1135.51
1135.57
1135.56
1135.52
1135.48
1137.81
1137.64
1138.14
1139.04
1141.20
1144.10
1144.00
1145.26
1147.08
1147.60
1148.60
1148.85
1148.57
1151.05
1151.55
1151.22
1153.01
1153.26
1154.06
1154.59
1156.55
1158.53
1159.06
1159.36
1161.49
1161.53
1161.60
1165.50
1166.00
1166.57
1166.62
1166.03
1167.55
1167.67
1168.93
1169.27
1169.10
1170.57
1170.50
1172.06
1173.50
1174.54
1174.16
1176.34
1176.09
1176.06
1176.07
1176.98
1178.58
1179.07
1179.01
1182.05
1184.15
1184.61
1186.64
1187.08
1187.52
1189.52
1189.54
1192.51
1193.15
1193.55
1193.16
1195.98
1195.06
1196.33
1198.61
1199.02
1199.07
1201.17
1202.12
1204.62
1206.52
1206.57
1207.67
1208.54
1210.61
1213.08
1215.03
1220.60
1222.52
1222.66
1223.10
1224.70
1225.67
1225.34
1226.67
1233.90
1233.89
1234.62
1235.60
1235.63
1238.43
1238.64
1240.12
1240.97
1242.63
1245.64
1249.13
1250.50
1250.51
1254.68
1255.00
1260.03
1260.86
1262.34
1263.55
1263.60
1267.54
1270.42
1272.18
1274.29
1276.25
1279.38
1280.58
1283.06
1285.05
1285.17
1287.62
1297.16
1300.58
1301.19
1305.14
1311.61
1314.90
1318.13
1320.13
1324.17
1330.20
1336.56
1339.71
1339.62
1344.68
1345.08
1346.64
1355.21
1360.13
1378.54
1406.59
1413.63
1469.07
1472.66
1490.09
1498.10
1504.10
1565.77
1632.93
1690.65
