359.32
362.22
363.79
363.31
374.10
384.24
385.21
392.75
397.38
399.24
399.76
404.15
405.25
406.25
414.76
417.21
421.77
436.77
436.27
450.28
452.30
454.23
454.75
458.79
462.58
462.23
462.57
465.26
465.80
467.30
470.20
473.24
474.31
477.34
481.30
482.25
484.74
486.58
487.75
489.31
491.25
492.58
494.77
500.25
508.74
509.72
510.26
511.33
514.22
515.27
516.26
521.59
524.77
527.26
528.27
530.25
531.79
536.17
542.27
544.78
545.28
546.28
547.28
550.94
550.60
556.28
559.31
561.25
565.29
566.29
572.28
573.79
574.79
581.33
584.30
592.75
593.30
595.27
595.29
595.76
602.31
603.30
604.96
605.29
606.27
607.80
612.95
614.79
616.80
616.26
616.81
623.80
630.32
631.81
635.74
637.32
638.81
638.33
639.32
639.33
639.28
640.82
642.78
650.44
650.27
660.62
660.32
667.34
668.18
668.66
669.18
672.83
673.29
674.31
676.34
681.79
682.33
684.33
692.84
698.39
703.83
703.36
707.21
712.85
712.87
714.69
714.37
716.27
730.85
738.37
741.85
741.19
747.32
754.33
757.80
765.00
766.38
768.38
772.27
773.31
776.40
776.15
778.36
778.23
780.35
780.23
783.15
784.59
785.37
786.60
795.83
799.69
811.33
829.32
830.91
838.40
850.58
850.25
851.58
851.25
852.25
853.25
854.09
857.89
857.88
870.93
881.77
892.57
893.42
893.75
893.08
897.11
897.93
903.86
907.44
911.39
919.26
948.40
957.85
963.53
969.44
984.76
990.35
1000.29
1001.29
1019.66
1031.12
1031.79
1037.27
1040.12
1043.94
1052.36
1064.98
1068.83
1069.88
1073.97
1106.82
1106.72
1109.07
1112.83
1115.29
1146.60
1164.89
1169.89
1171.83
1175.37
1206.88
1206.55
1223.85
1225.00
1225.68
1226.21
1234.40
1234.27
1236.53
1241.39
1263.04
1307.95
1315.39
1320.39
1321.14
1339.62
1339.10
1347.62
1348.13
1378.52
1426.28
1503.02
1628.10
1641.64
1641.89
1642.15
1690.65
1746.32
1752.85
1753.53
1755.33
1760.51
1760.02
1766.52
1771.52
