361.22
362.22
377.74
384.24
392.75
399.76
406.25
408.27
413.26
414.76
421.75
421.77
423.27
436.78
436.77
436.27
443.78
448.12
450.27
452.30
452.21
454.23
458.79
462.23
465.80
467.30
472.29
474.31
480.80
482.25
487.81
487.15
489.31
491.25
492.92
495.21
496.32
509.82
511.33
521.28
528.27
530.25
533.33
550.60
553.29
553.78
556.28
565.29
566.29
573.29
575.50
589.27
593.30
595.29
600.30
602.31
605.29
606.28
612.18
614.79
616.80
616.33
623.80
631.81
637.32
638.33
640.82
642.78
643.31
660.32
667.66
668.18
669.18
670.18
673.08
674.31
684.33
702.33
703.83
705.21
706.54
707.54
713.84
724.43
724.65
730.85
740.43
741.85
743.35
745.32
753.99
757.80
764.36
778.36
778.56
778.23
779.23
779.56
780.23
785.37
799.69
812.46
824.62
837.90
850.58
850.25
851.58
851.25
852.25
853.25
893.42
894.58
895.57
914.56
919.01
930.27
963.53
990.35
1000.29
1000.79
1031.12
1040.46
1069.38
1106.57
1107.07
1152.52
1165.21
1170.55
1206.55
1212.57
1212.07
1221.84
1222.35
1223.85
1223.35
1223.34
1225.34
1234.15
1314.39
1320.63
1324.89
1339.62
1339.11
1348.13
1378.27
1378.52
1493.13
1503.02
1627.77
1628.77
1690.65
1753.86
1760.51
