220.04
222.98
223.15
224.13
225.90
226.18
228.96
228.20
231.93
233.15
234.13
235.93
235.17
237.18
237.09
239.90
239.95
242.94
242.03
242.18
243.02
244.19
246.10
247.94
247.23
247.98
251.14
251.04
253.18
254.96
256.09
256.26
258.92
259.19
261.07
262.05
263.24
264.20
264.25
265.15
265.20
265.25
265.13
266.95
266.97
269.21
270.97
270.32
270.07
271.92
271.23
274.27
275.12
275.26
278.90
278.25
279.16
280.26
280.10
281.95
282.28
282.22
284.29
285.91
287.22
287.89
289.99
291.25
292.28
293.18
294.95
294.15
296.26
297.15
297.29
298.27
299.00
299.92
299.31
301.14
301.13
304.25
304.91
304.22
304.21
304.30
304.92
304.90
305.25
306.94
306.25
307.86
308.28
308.29
309.20
309.17
310.31
310.93
311.17
312.94
312.33
313.97
315.25
315.96
317.15
318.30
319.89
319.30
320.24
320.89
321.32
323.90
324.00
325.18
325.29
326.83
326.90
326.91
327.25
327.96
327.08
328.91
328.92
329.00
329.01
330.92
331.00
331.97
332.96
334.94
334.86
334.31
335.86
336.86
336.33
337.21
338.86
339.90
339.20
339.34
339.29
340.84
340.39
340.36
340.06
341.05
341.40
341.35
342.01
343.30
346.89
348.86
349.87
349.28
349.21
349.95
349.94
352.32
353.20
354.34
354.12
355.88
355.34
355.37
359.97
360.99
360.32
362.88
362.93
362.99
365.88
366.91
366.37
366.90
370.00
371.32
372.35
372.13
373.29
374.24
375.84
376.26
376.32
376.30
378.98
379.01
381.00
382.20
383.35
383.33
384.35
384.05
386.84
387.19
388.87
388.21
388.34
391.89
392.29
393.29
393.07
394.32
394.89
395.40
396.84
400.31
403.23
403.20
404.85
404.22
408.31
411.38
412.78
413.27
414.43
414.17
416.39
417.35
419.32
419.98
419.99
420.84
420.25
422.29
423.28
423.27
424.83
424.28
427.38
429.24
430.99
431.18
431.38
435.18
436.32
436.38
436.34
438.27
440.91
440.89
440.92
441.30
444.40
444.41
445.29
445.12
447.13
447.35
449.36
450.36
451.29
452.20
456.86
457.16
457.27
458.42
461.29
462.15
462.03
465.33
466.18
466.82
467.30
467.79
467.78
469.78
470.85
470.84
471.30
472.83
472.44
473.13
473.44
473.48
474.98
475.36
480.40
482.79
482.41
482.35
483.37
484.45
488.36
488.81
489.31
489.40
489.82
489.28
489.32
490.28
491.46
492.44
493.35
493.39
497.32
497.38
498.18
499.33
500.78
502.78
504.27
504.08
506.29
508.30
508.44
508.21
509.32
511.33
511.83
511.79
513.84
516.43
518.41
518.36
518.24
519.49
521.77
522.36
526.43
527.86
529.27
529.42
530.87
531.41
532.38
532.34
532.29
532.47
532.44
534.80
534.36
537.17
537.54
537.77
538.52
539.27
542.21
543.78
546.45
548.47
552.51
553.40
553.74
553.84
554.51
554.87
555.84
558.19
558.51
560.34
560.50
562.35
563.55
563.47
564.34
565.57
566.55
567.26
567.38
568.22
571.48
571.91
571.90
571.89
571.88
573.90
576.41
579.44
581.24
581.37
581.83
582.51
582.55
584.33
584.53
586.54
587.47
588.50
589.48
590.51
591.50
593.60
593.46
594.58
597.80
598.54
603.53
605.46
605.55
606.46
607.47
607.51
609.45
609.56
609.43
609.52
610.34
610.46
610.54
610.53
611.54
612.56
612.43
614.57
615.50
615.71
616.48
616.53
617.51
618.52
619.47
620.44
620.58
620.47
621.48
622.58
624.24
624.56
624.59
625.43
626.54
626.57
630.49
631.47
631.53
631.51
632.53
633.49
633.52
633.96
634.54
635.45
635.50
636.56
637.31
637.41
637.59
638.34
638.57
640.59
641.40
642.52
642.60
643.52
643.53
644.51
644.53
645.53
645.49
645.52
646.54
646.55
647.50
647.46
647.48
649.47
651.42
652.55
654.33
654.57
655.47
657.34
657.49
658.53
659.29
659.51
659.50
660.56
661.53
661.52
662.57
663.48
663.53
664.46
664.59
665.44
666.60
666.57
668.35
668.62
671.27
671.55
673.57
675.26
675.54
676.46
676.45
678.47
678.57
679.45
679.46
680.58
681.30
681.49
682.36
682.53
683.49
683.50
685.44
685.20
686.56
687.54
687.20
688.49
688.64
689.56
690.51
696.65
697.36
698.29
698.52
698.26
700.31
700.53
701.56
701.41
701.51
702.21
702.59
702.54
703.57
703.58
704.52
705.56
706.54
707.49
708.49
708.51
709.54
710.59
712.61
712.68
714.55
714.51
716.52
717.59
718.54
718.53
720.55
723.51
724.57
724.61
724.72
726.54
726.63
728.52
728.56
729.59
730.54
730.58
731.61
732.55
732.58
732.59
734.56
734.57
736.61
738.51
738.63
738.62
738.66
740.52
740.55
740.63
740.64
740.68
742.54
743.58
744.55
744.54
744.56
746.57
746.56
747.57
748.59
750.54
750.66
752.56
752.64
752.68
754.58
754.66
754.69
756.55
756.49
757.62
758.57
759.22
759.57
759.55
760.58
760.59
760.22
760.56
761.22
761.57
761.60
762.59
762.60
764.52
764.03
764.64
764.68
765.64
766.54
766.64
766.52
766.66
766.69
768.52
768.55
768.67
768.71
770.53
770.59
770.65
771.61
772.59
772.55
772.62
772.27
772.61
773.57
773.28
774.60
774.64
776.23
776.54
776.61
776.62
778.66
778.69
779.65
780.55
780.49
780.67
780.71
782.57
782.51
782.65
782.72
784.59
784.55
784.53
785.57
785.61
786.59
786.50
786.60
786.56
786.57
787.56
787.60
787.57
787.59
787.62
788.54
788.52
788.62
788.68
788.63
789.64
790.56
790.58
790.66
790.69
791.65
792.54
792.60
792.67
792.71
793.67
794.53
794.56
794.55
794.67
794.69
794.72
795.61
795.68
796.58
796.67
796.70
796.74
797.63
797.66
798.54
798.09
798.62
798.68
798.63
799.64
799.62
799.68
800.62
800.58
801.55
801.60
801.64
802.56
802.48
802.63
802.69
803.59
803.65
804.58
804.49
804.71
806.57
806.58
806.51
806.72
807.68
808.57
808.59
808.51
808.58
808.66
808.62
808.70
808.74
809.66
810.50
810.60
810.53
810.64
810.76
811.59
811.62
811.68
812.62
812.53
812.54
813.60
813.64
813.69
814.64
814.60
814.69
815.62
815.65
816.66
817.55
817.67
818.59
818.67
818.72
819.68
819.61
820.63
820.74
821.56
821.70
822.48
822.54
822.64
822.76
824.49
824.56
824.64
824.70
824.65
825.69
826.49
826.50
826.57
826.71
826.64
827.65
827.71
828.58
828.51
828.52
828.66
829.60
830.59
830.67
831.69
832.57
832.61
832.24
832.62
832.74
833.52
834.59
834.76
835.57
836.60
836.73
836.77
838.64
838.60
838.79
839.65
839.71
840.52
840.66
840.61
841.65
841.67
842.67
842.63
842.71
843.68
844.74
844.69
845.61
845.63
845.70
846.63
846.76
847.57
847.65
848.66
848.59
848.77
849.58
850.79
851.71
851.78
852.56
852.73
852.79
852.80
853.38
853.67
853.73
854.75
855.69
855.74
856.72
856.69
857.69
857.70
858.70
859.53
860.73
860.77
861.55
861.59
862.58
862.79
863.57
864.80
865.67
866.61
867.69
867.74
868.67
868.72
868.69
868.75
869.37
870.56
870.74
870.70
871.72
872.56
872.50
872.68
872.77
873.66
874.79
876.57
876.80
878.58
878.51
878.81
878.82
879.74
879.81
880.59
880.72
881.76
882.57
882.61
882.74
883.53
883.72
884.72
885.37
885.55
886.40
886.75
888.64
888.60
888.80
889.41
889.65
890.82
891.36
892.55
892.83
893.70
894.49
894.74
895.72
896.76
896.72
898.77
898.79
898.74
899.50
899.58
899.75
900.60
901.52
902.40
902.90
902.58
903.67
904.59
904.82
904.83
905.41
905.76
905.83
906.26
906.85
907.35
907.33
907.77
909.73
909.79
910.77
911.75
914.43
914.55
915.67
918.69
919.33
919.72
922.77
922.74
923.33
924.79
924.75
926.77
929.36
929.74
930.43
931.70
938.80
943.70
944.74
944.70
945.58
945.72
946.35
946.72
948.79
950.80
952.82
955.76
960.55
965.67
969.32
969.72
970.76
971.73
972.77
973.75
980.28
993.70
996.77
998.79
1000.80
1003.74
1019.72
1046.77
1055.30
1067.70
1194.82
1215.75
1290.63
