220.93
220.04
222.98
223.10
223.15
224.13
225.09
225.90
226.18
227.21
227.18
228.96
228.20
229.18
231.93
233.15
234.13
235.93
235.17
237.18
237.09
239.90
239.95
242.94
242.03
242.21
242.18
243.20
243.02
244.19
245.17
246.10
247.94
247.23
247.98
250.18
251.14
251.04
253.18
254.96
254.21
256.09
256.23
256.26
257.23
258.92
259.19
261.07
262.05
263.24
264.25
265.22
265.15
265.20
265.13
266.95
266.15
266.17
268.23
269.19
269.21
270.97
270.24
270.07
271.23
271.25
271.92
272.22
275.12
278.90
278.25
279.16
280.26
280.10
281.95
282.28
282.22
283.21
284.29
285.91
285.22
287.22
289.99
291.25
293.18
294.95
294.15
295.91
297.15
298.27
299.00
301.14
301.22
301.13
304.25
304.91
304.21
304.30
304.92
304.90
306.94
306.25
307.86
308.28
308.29
309.20
309.17
310.31
311.17
312.94
312.33
313.27
313.97
317.15
317.11
319.89
319.30
320.24
320.89
321.32
323.90
324.00
325.18
325.29
326.19
326.90
327.25
327.96
327.08
328.91
328.92
329.01
329.00
329.21
330.92
331.00
332.96
334.94
334.31
335.86
336.86
336.33
337.21
337.27
338.86
338.41
339.90
339.20
339.35
339.34
339.29
340.32
340.36
340.06
341.05
341.35
341.30
342.01
346.89
348.86
349.87
349.21
349.94
352.32
352.36
353.35
354.34
354.12
355.34
355.37
356.28
359.97
360.99
360.32
361.20
362.88
362.93
362.99
365.88
366.91
366.37
366.90
368.32
368.39
370.00
371.32
372.35
372.26
372.13
373.29
374.28
374.03
375.84
376.26
376.32
376.30
377.02
378.98
379.16
379.01
381.00
383.35
384.35
384.16
384.05
385.35
386.33
387.19
388.87
388.34
390.87
391.89
392.29
392.31
393.17
393.07
394.29
394.89
394.22
400.31
403.23
403.35
404.22
405.30
407.19
408.31
409.14
410.86
411.38
412.38
412.19
412.78
413.27
413.38
414.17
415.39
416.39
417.37
419.32
419.98
420.84
420.25
421.23
422.29
423.27
423.28
424.28
426.36
427.38
429.24
430.99
431.18
431.38
432.30
433.33
435.18
435.39
436.32
436.34
437.26
438.27
440.91
440.89
440.92
441.30
444.33
444.40
444.41
445.29
445.34
445.12
446.12
447.13
447.33
447.35
449.36
450.36
451.43
451.29
452.20
452.31
453.37
456.29
457.16
457.27
458.27
458.28
460.40
462.15
462.03
464.37
465.33
465.14
466.18
466.82
467.30
469.78
470.85
471.38
471.27
471.30
472.83
472.44
473.13
474.98
475.36
478.29
478.43
480.31
482.79
482.32
482.35
484.45
488.36
489.31
489.36
489.40
489.82
489.28
490.33
490.28
491.46
492.44
493.35
493.39
496.34
497.32
499.33
500.78
502.78
504.27
504.08
505.38
506.29
508.30
508.44
508.21
509.32
510.49
511.33
511.37
511.83
511.79
513.84
513.09
515.41
518.36
518.24
518.49
519.14
520.51
522.36
524.37
529.27
530.87
531.45
531.41
532.38
532.47
532.44
533.34
537.54
537.40
537.17
538.52
539.26
539.52
540.54
543.78
546.52
546.53
547.52
547.40
548.50
552.20
552.53
552.51
553.46
553.40
553.37
553.74
554.18
554.51
554.87
555.84
556.49
558.49
558.51
560.50
563.55
564.34
565.57
566.35
566.55
567.26
567.42
568.22
571.48
571.91
571.89
571.88
573.90
573.44
574.46
574.56
575.56
576.41
576.48
577.42
577.52
579.44
580.49
580.57
581.53
581.83
582.51
582.55
584.53
586.52
586.53
586.54
587.47
588.53
588.50
589.48
590.48
590.51
591.50
593.60
593.46
594.58
595.51
595.49
596.53
597.80
598.50
598.54
600.56
601.52
602.49
603.44
603.54
603.50
603.53
604.44
604.51
605.55
606.46
607.47
607.57
608.53
609.45
609.56
609.43
609.52
610.46
610.54
611.54
612.55
612.56
613.48
614.56
614.57
615.50
615.71
616.50
616.53
617.51
618.52
619.47
619.53
620.44
620.50
620.58
620.47
621.58
622.55
622.58
624.24
624.56
624.59
625.43
626.54
626.57
626.60
628.58
629.45
629.51
629.55
630.49
630.51
631.47
631.53
632.53
633.49
633.96
634.41
634.54
635.50
636.55
636.56
636.49
637.31
637.59
638.34
638.57
639.50
639.57
640.59
640.58
641.50
641.51
642.60
643.52
643.53
643.51
644.51
644.53
645.53
645.49
645.54
645.52
646.54
647.47
647.50
650.48
651.44
652.55
652.59
654.33
654.57
654.60
655.47
656.57
657.34
657.49
658.53
658.54
659.29
659.51
659.55
659.50
660.56
661.53
661.52
662.57
662.50
663.53
664.46
664.59
664.55
665.51
666.60
666.57
667.52
668.35
668.62
669.53
671.55
673.57
674.57
675.26
675.54
675.53
676.45
676.46
676.50
677.43
678.57
680.58
681.30
681.49
682.36
682.53
682.60
683.49
685.44
685.20
685.54
686.56
686.20
686.54
687.54
687.20
687.50
687.53
688.49
689.56
690.51
694.46
694.56
696.47
696.65
697.36
697.47
698.29
698.52
698.26
699.42
700.31
700.57
700.50
701.56
701.41
702.21
702.59
702.54
702.52
703.58
703.48
704.52
705.58
705.59
705.50
706.54
707.49
707.51
708.49
708.48
708.51
709.54
710.45
710.59
712.49
712.61
714.51
715.39
716.52
717.59
718.54
720.55
722.49
723.51
724.57
724.61
725.56
726.54
726.62
728.56
729.59
730.54
730.58
731.61
731.52
732.55
732.59
733.54
734.57
734.60
734.51
736.61
736.65
738.51
738.50
738.63
738.66
740.52
740.55
740.63
740.64
740.68
742.54
743.58
744.55
744.56
744.59
744.61
745.55
745.62
745.54
746.57
746.58
746.61
747.57
748.59
748.65
750.54
750.63
750.66
752.52
752.56
752.64
752.68
754.54
754.57
754.66
754.69
755.62
756.55
756.49
756.58
756.59
757.62
757.54
758.57
758.63
758.60
758.61
759.57
759.64
759.22
759.55
760.58
760.59
760.22
760.56
760.61
760.62
760.65
761.22
761.59
761.56
761.57
761.60
762.59
762.50
762.60
762.63
764.52
764.64
764.68
766.54
766.52
766.66
766.69
768.53
768.56
768.67
768.71
769.60
769.67
769.63
770.61
770.56
770.65
770.55
770.63
771.65
771.61
771.59
772.59
772.62
772.27
772.61
773.58
773.57
774.60
774.64
774.66
775.60
776.23
776.54
776.56
776.62
776.68
778.66
778.69
780.55
780.49
780.59
780.67
780.71
781.58
782.57
782.51
782.65
782.72
783.65
784.59
784.51
784.53
784.65
785.57
785.63
785.61
785.66
786.50
786.60
786.66
786.61
787.59
787.62
788.55
788.54
788.52
788.62
788.61
788.68
788.63
789.61
790.52
790.56
790.53
790.66
790.69
791.58
792.54
792.53
792.67
792.71
793.63
794.69
794.72
795.61
795.68
796.54
796.53
796.58
796.62
796.55
796.67
796.73
796.74
797.63
797.61
797.66
798.54
798.09
798.68
798.63
799.59
799.69
799.64
799.62
799.68
800.48
800.62
800.65
800.68
800.63
801.55
801.61
801.60
801.64
802.56
802.48
802.63
802.69
802.64
803.64
804.58
804.49
804.71
806.57
806.51
806.69
806.72
807.65
807.72
808.57
808.59
808.51
808.58
808.67
808.70
808.74
809.60
809.66
810.60
810.53
810.68
810.64
810.61
810.76
811.59
811.62
811.68
812.62
812.54
812.68
812.66
813.60
813.64
814.64
814.63
814.69
814.70
815.62
816.65
816.71
816.66
817.60
817.67
818.59
818.72
819.61
819.65
820.56
820.61
820.70
820.74
822.48
822.54
822.68
822.76
823.62
823.68
823.75
824.48
824.56
824.70
825.64
825.70
825.69
825.76
826.49
826.50
826.57
826.72
827.72
827.65
827.71
828.58
828.57
828.51
828.52
828.64
828.66
829.60
829.65
830.59
830.66
830.72
830.67
832.57
832.61
832.24
832.70
832.74
833.52
833.71
833.74
834.59
834.72
834.75
834.76
835.62
836.63
836.73
836.77
838.64
838.79
839.65
839.71
840.66
840.71
841.73
842.67
842.73
844.54
844.74
844.69
845.63
846.63
846.29
846.76
847.57
848.73
848.77
849.59
849.69
849.76
850.25
850.79
851.71
851.78
852.56
852.73
852.69
852.78
852.79
852.80
853.63
853.67
853.73
853.80
854.74
855.68
855.74
856.74
856.69
857.68
858.76
858.70
859.53
860.73
860.77
861.55
861.59
862.75
862.79
863.56
864.80
865.67
865.80
866.61
866.46
866.67
867.68
867.74
868.54
868.72
868.69
868.75
869.37
869.76
870.48
870.55
870.74
870.76
870.75
870.70
871.57
871.71
872.56
872.50
872.77
872.71
872.72
873.66
874.51
874.79
876.57
876.80
877.73
877.80
878.58
878.51
878.82
879.74
879.81
880.59
880.72
880.82
881.70
881.76
882.61
882.73
882.74
882.70
883.53
883.73
883.77
884.72
885.37
885.55
885.67
885.73
886.40
886.75
886.79
886.72
888.54
888.80
890.82
891.36
892.47
892.55
892.83
893.70
893.83
894.49
894.74
894.70
894.76
895.72
895.77
896.56
896.71
896.76
896.72
898.73
898.77
898.78
898.79
898.72
898.74
899.50
899.58
900.59
900.74
900.75
901.52
902.40
902.58
902.65
903.66
903.74
903.81
904.59
904.82
904.83
905.41
905.76
905.83
906.83
906.85
907.35
907.33
907.26
907.77
907.84
909.73
909.79
910.77
911.75
912.54
914.43
914.55
914.72
915.67
916.57
916.83
917.69
917.68
918.85
919.72
920.76
922.77
922.74
923.33
923.75
924.79
924.80
924.74
924.75
925.76
926.75
926.77
928.83
929.36
929.74
930.43
930.85
931.70
932.87
938.80
944.70
945.58
945.72
946.72
948.79
950.80
951.78
952.82
955.76
969.72
971.73
972.77
980.28
998.79
1019.72
1055.30
1194.82
1488.10
