220.04
222.98
223.15
224.13
225.09
226.18
228.96
228.20
231.93
231.97
233.15
234.13
234.96
235.93
235.17
237.09
237.18
237.19
239.90
239.95
242.94
242.03
243.02
244.19
245.23
246.10
247.94
247.23
251.14
251.04
253.18
254.96
256.09
256.26
258.92
258.24
259.19
259.08
261.07
262.05
263.24
264.25
264.93
264.03
265.15
265.20
265.25
266.95
269.21
270.97
270.07
271.23
271.92
274.27
275.12
275.26
278.90
278.25
279.16
280.26
280.10
280.91
281.05
281.95
282.28
282.22
284.29
285.91
287.22
289.99
289.27
291.25
292.28
293.18
294.95
294.15
295.90
295.00
296.26
297.15
297.29
298.27
299.92
299.00
299.31
301.14
301.13
302.23
304.25
304.21
304.91
304.30
304.90
306.08
306.94
306.30
307.86
308.09
308.28
308.29
309.20
309.17
310.31
311.17
312.94
312.33
313.27
313.97
317.15
319.91
319.30
320.24
320.89
321.21
321.32
323.90
324.00
325.18
327.25
327.08
327.95
327.96
328.92
328.91
329.01
329.00
332.28
333.13
334.94
334.31
336.86
336.33
339.20
339.29
340.35
340.36
340.06
341.05
342.01
343.17
346.89
348.86
348.23
348.90
349.20
352.32
354.34
354.12
355.37
359.97
360.99
360.32
362.88
362.87
362.93
362.25
362.99
363.25
365.88
366.91
366.37
366.90
368.42
370.00
371.32
372.35
372.13
373.29
376.26
376.30
377.02
378.98
379.01
379.16
381.00
384.35
384.05
385.22
387.19
388.34
390.87
391.89
392.29
393.17
393.07
394.29
398.40
399.77
403.23
408.31
409.14
410.86
411.32
413.27
413.38
414.17
416.85
419.32
419.98
420.84
420.25
422.29
423.27
423.28
424.34
424.28
426.36
427.38
429.24
430.99
431.38
435.18
435.39
436.32
436.38
436.34
438.26
440.91
440.28
440.92
441.30
444.40
444.41
445.29
445.12
446.12
446.41
447.33
447.12
449.36
450.36
451.29
452.20
452.37
456.29
456.22
457.16
457.27
460.40
462.15
462.03
465.33
465.14
466.14
466.34
467.30
469.78
470.85
471.30
472.44
473.13
474.98
475.36
478.29
478.18
478.43
480.31
482.79
482.35
484.45
489.31
489.82
489.40
489.28
489.32
490.28
491.46
492.44
493.35
496.34
497.32
499.33
500.78
502.37
502.29
504.27
504.08
506.29
508.30
508.44
508.21
509.32
511.33
511.79
513.84
513.09
515.45
518.36
518.24
518.23
518.49
519.14
520.34
522.36
522.15
527.86
528.27
528.42
528.45
529.27
529.42
529.46
530.29
530.43
530.87
531.45
532.38
532.34
532.47
532.44
533.34
534.36
537.43
537.54
538.52
540.54
541.88
542.43
543.48
545.46
546.40
546.45
546.49
546.52
547.42
547.52
548.33
548.41
548.47
548.50
550.88
550.35
551.41
551.44
552.54
552.51
553.46
553.42
553.40
553.37
554.18
554.87
555.85
555.84
558.51
560.33
560.47
560.50
562.35
562.48
563.55
563.46
565.42
565.46
565.57
566.35
566.34
566.55
567.38
567.44
567.42
569.40
571.48
571.91
571.90
571.88
572.53
573.90
574.27
574.56
576.41
576.46
576.48
577.52
579.44
581.40
581.43
582.51
582.55
583.41
584.33
584.52
584.53
586.54
587.47
588.53
588.50
589.48
590.43
590.48
590.51
591.50
593.60
593.46
594.58
597.80
598.54
600.31
601.52
603.54
603.50
603.53
604.47
605.45
605.55
606.49
606.46
607.47
608.52
609.45
609.56
609.43
609.52
610.54
611.54
611.19
612.18
612.56
612.43
613.56
614.56
614.57
615.50
615.57
616.50
616.53
617.50
617.51
618.49
618.52
619.47
620.50
620.47
621.31
624.24
624.56
624.59
625.43
626.53
626.57
628.32
628.55
629.51
630.51
631.47
631.53
632.39
633.49
633.52
633.96
634.45
634.41
634.54
635.50
636.42
636.56
637.31
638.34
638.56
638.57
639.50
640.59
640.58
641.50
641.51
641.58
642.59
643.52
643.53
644.53
645.53
645.49
645.54
645.52
646.54
647.50
650.44
651.44
652.55
652.59
654.33
654.57
655.47
657.49
658.54
659.27
659.55
659.50
659.52
660.56
661.53
661.52
662.48
662.57
662.51
664.59
665.51
666.60
667.52
668.62
669.53
671.55
671.48
672.55
673.56
674.44
674.57
674.48
675.26
675.54
676.46
676.55
676.50
677.43
678.47
678.57
680.58
681.49
682.60
683.49
683.50
683.60
685.44
685.54
686.54
687.54
687.20
687.53
688.49
689.56
690.51
692.51
692.52
693.47
694.46
697.56
698.26
699.42
699.58
699.60
700.53
700.50
701.56
701.41
701.51
702.21
702.59
702.51
702.54
702.52
703.58
703.57
703.53
704.52
704.56
704.58
704.66
705.58
705.59
706.54
708.51
708.61
712.51
712.49
714.51
714.54
715.39
716.52
716.56
717.59
718.54
720.55
722.49
723.51
723.50
725.56
726.55
726.54
728.46
728.52
728.56
729.59
730.54
730.58
730.57
731.61
731.54
732.55
733.61
733.62
734.56
734.57
734.60
738.51
738.50
738.63
740.52
740.55
740.64
742.54
742.53
743.61
744.55
744.60
745.55
745.62
746.57
746.61
747.56
748.58
748.57
748.59
748.53
748.62
750.54
751.57
752.52
752.56
752.64
753.59
754.54
754.48
754.57
756.55
756.49
756.58
756.59
757.62
758.57
758.62
758.63
758.61
759.57
759.64
759.55
759.61
760.58
760.59
760.64
761.22
761.59
761.60
762.51
762.50
762.60
762.22
764.52
764.61
764.64
764.68
766.52
766.54
766.53
766.51
766.66
766.69
768.49
768.55
768.53
768.67
768.71
769.53
770.57
770.61
770.56
770.51
770.55
771.61
772.59
772.62
772.58
772.27
772.61
773.58
773.28
774.60
774.54
774.64
774.27
775.60
776.23
776.54
776.56
776.62
778.48
778.69
779.60
780.55
780.49
780.67
780.71
782.57
782.51
782.61
782.65
784.58
784.59
784.51
784.53
785.57
786.53
786.50
786.60
787.59
787.58
788.54
788.52
788.55
788.62
788.63
789.61
789.52
790.52
790.56
790.54
790.51
790.66
790.69
791.56
791.63
792.54
792.53
792.67
792.71
794.55
794.61
794.69
794.72
795.61
796.59
796.53
796.58
796.62
796.54
796.74
797.59
797.63
798.60
798.54
798.68
798.63
798.64
799.68
800.48
800.62
801.55
801.61
801.64
802.56
802.48
802.63
802.69
804.49
804.57
804.71
805.53
806.57
806.51
806.72
808.57
808.59
808.51
808.58
808.67
808.62
808.70
808.74
809.08
810.60
810.53
810.64
811.59
811.62
812.54
812.61
812.55
812.62
812.64
813.60
813.64
814.52
814.63
815.62
815.65
816.57
816.65
816.71
816.66
818.59
818.72
819.61
820.56
820.74
822.48
822.54
822.64
822.75
822.76
824.48
824.56
824.70
824.65
825.64
825.70
826.56
826.49
826.50
826.57
827.65
827.71
828.57
828.51
830.57
830.59
830.67
832.57
832.61
832.60
832.24
832.62
832.74
833.52
834.59
834.72
834.76
834.75
836.60
836.52
836.73
836.77
839.65
840.51
840.66
841.67
842.46
842.67
843.68
844.54
844.74
844.69
845.63
846.29
846.64
846.76
847.57
848.65
848.59
848.77
849.59
850.55
850.78
850.79
851.71
851.78
852.56
852.57
852.73
853.38
853.73
854.58
855.74
856.69
858.76
858.70
859.53
860.73
860.77
861.55
862.55
862.75
862.79
863.56
864.80
865.67
866.61
866.53
867.68
868.69
868.75
869.37
870.58
870.76
870.70
871.72
872.56
872.49
872.77
872.71
872.72
873.66
874.56
874.79
876.56
876.57
876.80
877.73
877.80
878.58
878.51
878.82
879.74
879.81
880.59
880.72
880.82
881.70
881.76
882.61
882.49
882.73
883.53
883.72
883.77
884.74
884.72
885.37
885.55
885.67
885.73
886.40
886.75
886.79
888.53
888.46
888.80
889.41
890.78
890.82
891.36
892.47
892.55
892.83
893.70
894.49
894.70
895.77
896.56
896.50
896.71
896.72
898.58
898.78
898.79
898.72
898.74
899.50
899.58
899.75
900.59
900.74
901.52
902.40
902.58
902.65
903.74
903.81
904.59
904.83
904.82
905.41
905.76
905.83
906.61
906.26
906.83
906.85
907.35
907.33
907.53
907.77
907.84
909.55
909.73
909.79
911.71
911.75
912.53
914.43
914.55
914.72
916.57
916.80
916.83
917.70
918.85
919.72
920.31
921.73
922.77
922.79
923.33
923.51
923.75
924.79
924.80
924.74
924.75
925.76
926.82
926.75
926.77
927.78
928.83
929.36
930.43
930.85
932.87
933.46
934.64
943.56
945.72
946.72
948.79
950.80
951.78
960.54
969.72
971.73
981.28
982.54
1055.30
1129.32
1194.82
1210.81
1215.75
1488.10
