220.93
220.04
222.98
223.10
223.15
224.13
225.09
226.18
227.21
228.96
228.20
231.93
233.15
234.13
235.93
235.17
237.09
237.18
239.90
239.95
242.94
242.03
242.21
243.02
243.20
244.19
246.10
247.94
247.23
247.98
249.22
250.18
251.14
251.04
253.18
254.96
256.09
256.26
256.23
258.92
259.19
261.07
262.05
263.24
264.25
264.93
265.15
265.20
266.95
266.97
269.21
270.97
270.24
270.07
271.23
271.92
272.22
274.27
275.12
278.90
279.16
280.26
280.10
281.95
282.28
282.22
284.29
285.91
287.22
289.99
291.25
293.18
294.95
294.15
295.96
296.26
297.15
298.27
299.92
299.00
299.31
301.14
301.13
302.23
304.25
304.91
304.21
304.90
306.94
306.25
307.86
308.09
308.28
308.29
309.20
310.31
311.17
312.94
312.33
313.27
313.97
317.15
319.89
319.30
320.24
320.89
321.21
321.32
323.90
324.00
325.18
325.29
327.25
327.08
327.95
327.96
328.91
328.92
329.01
329.00
329.21
331.00
332.96
333.14
334.94
334.31
336.86
336.33
339.20
339.29
340.36
340.06
341.05
341.35
342.01
346.89
348.23
348.86
349.21
349.94
350.98
352.32
354.34
354.12
355.37
359.97
360.99
360.32
362.88
362.87
362.25
362.99
363.25
365.88
366.37
366.91
366.90
368.32
370.00
371.32
372.35
372.26
372.13
373.29
374.24
376.26
376.32
376.30
377.02
378.98
379.01
381.00
384.35
384.05
385.22
386.33
387.19
389.28
390.87
391.89
392.29
393.07
394.29
394.22
394.89
395.40
399.35
403.23
403.35
408.31
409.31
410.87
410.31
411.32
411.77
413.27
413.38
414.17
416.85
416.37
417.37
419.32
419.98
420.84
420.25
422.29
423.27
423.28
424.34
424.28
426.36
427.38
429.24
430.99
431.38
433.31
433.30
435.18
435.39
436.32
436.34
438.26
440.28
440.89
440.92
441.30
444.40
444.41
445.29
445.12
446.12
447.33
447.12
449.36
450.36
451.29
452.20
456.29
457.16
457.27
462.15
462.03
465.33
465.14
467.30
469.78
470.85
471.30
472.44
473.13
473.28
474.98
475.36
476.28
476.41
478.29
480.31
482.35
484.45
489.31
489.82
489.40
489.28
491.46
492.44
493.35
496.34
497.32
499.33
500.78
502.78
504.27
504.08
506.29
507.48
508.30
508.44
508.21
509.32
511.33
511.79
513.84
513.09
515.45
515.41
518.36
518.24
518.49
518.23
519.14
520.34
522.36
523.45
524.37
527.86
528.27
528.42
529.27
529.46
530.29
530.43
530.87
531.41
532.34
532.47
532.44
533.34
534.36
537.43
537.54
537.17
537.75
538.52
538.43
540.54
542.43
543.48
543.78
545.42
545.46
546.45
546.49
546.52
547.52
548.34
548.47
550.35
551.49
551.41
551.44
552.41
552.53
552.51
553.46
553.42
553.40
553.37
553.74
554.18
554.87
555.85
555.84
558.51
560.34
560.33
560.47
560.50
562.35
562.48
563.55
563.47
565.42
565.46
565.57
566.35
566.55
567.26
567.38
567.42
568.22
569.40
571.48
571.91
571.90
571.88
573.90
574.27
574.48
574.56
576.46
576.48
577.52
579.44
580.49
580.57
581.40
581.53
581.43
581.83
582.51
582.55
583.41
584.33
584.53
585.41
586.54
587.47
588.53
588.50
589.48
590.49
590.59
590.51
592.51
593.60
593.46
594.58
595.50
597.80
598.50
598.54
600.31
601.52
603.54
603.53
603.50
604.47
604.51
605.45
605.55
606.49
606.46
607.47
609.45
609.56
609.43
610.54
611.18
611.54
612.56
613.56
614.56
614.57
615.49
615.50
616.50
616.53
617.50
618.52
619.47
620.50
620.56
620.47
621.37
624.56
624.59
625.43
626.53
626.54
626.57
628.32
629.55
630.51
631.47
631.53
632.39
632.53
633.49
633.96
634.41
634.54
635.50
636.42
636.56
637.31
638.34
638.57
639.50
640.59
641.50
641.58
641.40
642.52
643.52
643.53
644.53
645.53
645.49
645.54
645.52
646.54
647.50
648.59
650.44
652.55
654.33
654.57
655.47
657.53
657.49
658.54
659.27
659.51
659.55
659.50
659.52
660.56
661.53
661.52
662.48
662.57
662.50
664.59
665.51
666.60
667.52
667.51
667.53
668.62
669.53
671.55
672.55
673.48
674.44
674.57
675.54
676.45
676.46
676.50
677.43
677.52
678.47
678.69
678.51
678.57
680.58
681.49
682.60
683.49
683.50
683.60
685.20
685.44
685.54
686.54
687.54
687.20
687.53
688.49
689.56
690.51
692.52
693.47
694.46
697.47
698.26
699.42
700.53
700.50
701.56
701.41
702.21
702.51
702.54
702.52
703.58
703.57
703.53
704.52
704.56
704.66
705.58
705.59
706.54
707.49
708.48
708.51
708.61
710.46
711.51
712.51
712.49
714.51
714.54
715.39
715.58
716.52
716.56
717.59
718.54
718.53
720.55
722.49
723.51
724.53
725.56
725.59
726.53
726.54
728.52
728.56
729.59
730.54
730.58
730.57
731.60
731.61
731.54
732.55
732.56
732.58
733.62
734.57
734.56
738.51
738.50
738.62
740.52
740.64
741.53
742.54
743.61
744.55
744.60
744.54
744.59
745.55
745.50
745.62
746.57
746.61
747.57
747.61
748.59
748.53
748.58
748.62
750.54
751.57
752.52
752.56
752.55
752.64
753.59
754.54
754.48
754.57
754.58
756.55
756.49
756.59
757.62
758.57
758.62
758.63
758.61
759.57
759.64
759.55
759.61
760.58
760.59
760.64
761.58
761.22
761.59
761.60
762.51
762.50
762.60
763.53
764.54
764.52
764.64
764.68
766.54
766.52
766.66
766.69
768.55
768.59
768.53
768.56
768.71
769.56
770.57
770.61
770.56
770.51
771.65
771.61
772.59
772.08
772.62
772.27
772.61
773.58
774.59
774.60
774.54
774.64
775.60
776.23
776.54
776.61
776.56
776.62
778.48
778.56
778.69
779.60
780.55
780.49
780.67
780.71
781.49
782.57
782.49
782.51
782.61
782.65
784.58
784.59
784.51
784.53
785.52
785.57
786.53
786.50
786.60
787.59
787.62
788.54
788.55
788.52
788.62
789.61
789.52
790.52
790.56
790.57
790.53
790.51
790.66
790.69
791.56
792.54
792.53
792.67
792.71
793.63
794.56
794.61
794.55
794.53
794.69
794.72
796.53
796.58
796.59
796.62
796.55
796.74
797.59
797.63
798.47
798.60
798.54
798.68
798.63
798.64
799.68
800.53
800.54
800.48
800.61
800.50
800.62
801.55
801.61
801.64
802.56
802.48
802.63
804.56
804.55
804.49
804.58
804.57
804.71
805.53
806.57
806.59
806.51
806.72
808.57
808.59
808.51
808.58
808.67
808.62
808.70
808.74
809.08
810.60
810.53
810.52
810.50
810.64
810.76
811.59
812.56
812.62
812.52
812.54
812.64
812.66
813.60
813.64
814.52
814.62
814.63
815.62
815.65
816.58
816.65
816.71
817.07
818.55
818.59
818.72
820.53
820.55
820.74
821.57
822.48
822.54
822.64
822.75
822.76
824.48
824.56
824.70
824.65
825.64
825.70
826.56
826.49
826.50
826.57
827.65
827.71
828.58
828.57
828.51
828.52
829.67
830.57
830.59
830.52
832.57
832.58
832.61
832.24
832.62
832.74
833.52
834.59
834.72
834.76
835.53
836.60
836.74
836.77
838.49
839.65
840.66
841.67
842.46
842.67
843.68
844.54
844.48
844.74
844.69
845.63
846.76
847.53
847.57
847.58
847.64
848.59
848.77
849.59
850.25
850.56
850.78
850.79
851.71
851.78
852.56
852.58
852.73
853.38
853.73
854.58
854.59
855.68
855.74
856.69
857.52
857.70
859.53
860.77
861.54
861.55
862.55
862.75
862.79
863.57
864.80
865.67
866.58
866.61
866.53
866.46
867.68
867.74
868.54
868.69
869.37
870.55
870.48
870.70
871.72
872.49
872.77
872.70
873.56
873.66
874.56
874.51
874.79
876.56
876.50
876.57
876.80
877.80
878.58
878.51
878.82
879.74
879.81
880.59
880.72
880.82
881.70
881.76
882.60
882.61
883.53
883.72
883.77
884.72
885.37
885.55
886.40
886.79
887.56
888.54
888.80
889.41
890.78
890.82
891.36
892.47
892.83
893.70
894.49
895.77
896.71
896.76
896.72
897.56
897.73
898.58
898.79
898.74
899.50
899.58
900.56
900.59
900.74
900.75
901.52
902.40
902.90
902.58
902.65
903.74
903.81
904.59
904.83
904.82
905.41
905.76
905.83
906.61
906.26
906.83
906.85
907.35
907.33
907.53
907.77
907.84
909.55
909.73
909.79
912.54
912.75
914.43
914.55
914.72
916.57
916.80
916.83
918.85
919.56
919.72
921.49
921.73
922.77
923.32
923.50
924.79
924.80
924.74
924.75
925.52
925.76
926.82
926.75
927.52
927.78
928.83
929.36
929.54
930.43
930.85
932.87
934.64
945.72
945.73
946.35
948.79
950.80
960.55
971.73
980.28
982.54
1054.30
1194.82
1210.82
1215.75
1488.10
