220.93
220.04
222.98
223.15
224.13
225.09
225.90
228.96
228.20
231.93
233.15
234.13
235.93
235.17
237.09
237.18
239.90
239.95
242.94
242.03
243.02
244.19
245.23
246.10
247.94
247.23
247.98
251.14
251.04
253.18
254.96
256.09
256.26
257.27
258.92
259.19
261.07
262.05
263.24
264.25
264.93
264.03
265.15
265.20
265.25
265.13
266.95
266.97
269.21
270.97
270.07
271.92
272.26
274.27
275.12
278.90
278.25
279.16
280.26
280.10
280.16
281.95
282.28
282.22
283.21
284.22
284.29
285.91
285.22
287.22
289.99
291.25
293.18
294.95
294.24
294.15
296.26
297.15
297.29
298.27
299.92
299.00
299.31
301.14
301.13
304.25
304.91
304.21
304.30
304.90
305.30
306.08
306.94
306.25
307.86
308.09
308.28
308.29
309.20
309.17
310.31
310.93
311.17
312.94
312.33
313.27
313.97
315.89
317.15
317.11
319.89
319.30
320.24
320.89
321.21
321.32
323.90
324.00
324.22
325.18
325.29
326.19
326.90
327.25
327.08
327.96
328.92
328.91
329.00
329.01
329.21
330.92
331.00
332.96
332.33
333.14
334.31
336.86
336.33
337.21
338.41
339.20
339.29
340.39
340.35
340.36
340.06
341.05
341.35
341.30
342.01
346.89
348.86
349.21
349.87
349.94
352.32
352.36
354.34
354.12
355.37
356.28
359.97
360.99
360.32
361.16
362.88
362.93
362.99
365.88
366.91
366.23
366.37
366.90
370.00
371.32
372.35
372.13
375.84
376.26
376.32
376.30
377.02
378.98
379.01
381.00
382.20
383.29
383.35
384.35
384.16
384.05
385.31
388.87
388.34
390.87
391.89
392.29
393.17
393.07
394.29
394.35
394.22
394.89
400.31
400.34
403.23
407.29
407.19
408.31
409.31
410.86
411.32
411.77
412.78
413.34
413.27
413.38
414.17
416.39
419.32
419.98
420.84
420.25
422.29
423.27
423.28
424.36
424.28
426.36
427.38
428.37
429.24
430.99
431.29
431.38
433.31
433.30
433.33
435.18
435.39
436.32
436.40
436.38
436.34
437.26
438.38
440.91
440.89
440.92
441.25
441.30
444.33
444.41
444.40
445.29
445.21
445.12
446.22
446.12
447.33
447.12
447.35
449.28
449.36
450.36
451.29
452.20
452.37
452.00
456.29
457.16
457.27
458.27
462.15
462.03
465.33
465.14
467.30
467.78
468.39
469.78
470.85
471.30
472.83
472.44
473.13
473.34
475.39
475.36
477.29
478.29
478.43
480.31
482.41
482.35
482.79
484.45
488.36
489.31
489.36
489.40
489.82
489.28
489.32
491.46
492.44
493.35
493.39
495.43
496.34
496.42
497.40
497.32
499.33
500.78
502.52
502.78
504.27
504.08
505.21
506.29
507.23
508.30
508.44
508.21
509.32
511.33
511.79
511.85
512.42
513.84
513.09
515.41
518.36
518.24
518.49
518.23
519.49
520.34
521.77
522.36
526.43
528.43
529.21
529.27
530.29
530.87
531.45
531.41
532.38
532.47
532.44
533.34
537.17
537.54
537.39
537.75
538.52
543.78
546.45
546.52
547.42
547.52
551.22
551.49
551.41
552.29
552.53
552.51
553.46
553.40
553.37
553.74
554.51
554.87
555.84
556.49
558.49
558.51
560.50
561.45
563.55
563.47
565.57
566.35
566.55
567.26
567.38
567.42
568.22
568.53
570.46
570.51
571.48
571.90
571.91
571.88
571.89
573.90
574.56
576.41
577.42
577.52
579.44
580.49
581.83
582.51
582.55
584.53
586.52
586.54
587.47
588.53
588.50
590.48
590.51
591.50
593.60
593.46
594.58
595.53
597.80
598.50
598.54
600.56
601.52
602.49
603.54
603.53
603.44
604.50
605.45
605.55
606.46
607.47
608.53
609.56
609.43
610.54
611.54
612.47
612.55
612.56
614.48
614.56
614.57
615.57
615.71
616.50
616.53
617.50
618.52
619.47
619.53
620.44
620.58
622.55
624.24
624.56
624.59
626.54
626.57
627.50
628.49
630.49
630.51
631.47
631.53
632.52
633.49
633.96
634.41
634.54
635.50
636.42
636.56
637.30
638.34
638.57
639.50
639.57
640.59
640.58
641.50
641.51
641.58
642.60
643.52
643.53
644.51
644.52
644.53
645.53
645.49
645.54
645.52
646.54
646.55
647.50
650.44
651.44
652.55
652.59
654.33
654.57
654.60
655.47
657.49
658.51
658.53
659.51
659.55
659.50
660.46
660.56
661.53
661.52
662.48
662.57
662.50
663.53
664.46
664.59
664.55
665.45
666.06
666.60
666.57
667.52
668.62
669.53
671.55
671.56
672.55
674.44
674.57
675.54
675.51
675.50
675.53
676.46
676.49
677.43
677.52
678.47
678.69
678.57
679.48
680.58
681.49
683.49
683.50
684.58
685.44
685.20
685.54
686.48
686.56
686.20
687.20
687.53
688.49
688.20
688.64
689.52
689.56
689.55
690.51
691.54
692.51
692.52
694.46
696.65
698.26
699.58
699.60
700.53
700.50
701.56
701.41
701.47
702.21
702.59
702.51
702.54
702.52
703.58
703.54
704.52
705.58
705.59
705.56
705.50
706.54
707.49
708.49
708.51
709.54
710.59
712.49
712.61
714.51
715.58
716.52
717.59
718.54
718.53
720.55
723.54
723.51
724.57
724.61
725.56
726.54
728.46
728.52
728.56
729.59
730.54
730.58
730.57
731.61
731.54
731.52
732.55
732.58
732.59
733.61
733.62
733.54
734.56
734.57
736.58
736.61
738.51
738.50
738.63
738.62
738.66
740.52
740.55
740.63
740.64
740.68
741.53
742.54
743.61
743.58
744.55
744.54
744.56
744.59
744.61
745.55
745.59
745.62
746.57
746.61
747.57
748.58
748.59
750.54
750.66
751.57
752.52
752.56
752.64
752.68
753.59
754.54
754.48
756.55
756.48
756.49
756.58
756.59
757.62
758.57
758.63
759.64
759.55
760.58
760.59
760.56
761.22
761.59
761.57
761.60
762.50
762.59
762.60
763.53
764.52
764.64
764.68
766.54
766.51
766.66
766.69
767.55
768.55
768.54
768.56
768.53
768.67
768.71
769.60
769.67
770.57
770.61
770.51
770.65
770.63
771.58
771.61
771.65
772.59
772.58
772.62
772.27
772.61
773.58
773.57
773.28
774.59
774.60
774.64
774.27
774.66
775.60
776.23
776.54
776.56
776.62
776.68
778.56
778.48
778.66
778.69
779.60
780.55
780.49
780.67
780.71
782.57
782.51
782.65
782.72
783.65
784.59
784.51
784.53
785.57
785.61
786.53
786.50
786.60
787.59
787.51
787.58
787.62
788.54
788.55
788.61
788.52
788.62
788.63
789.55
789.61
789.60
790.52
790.56
790.62
790.53
790.51
790.66
790.69
791.56
792.54
792.53
792.67
792.71
793.67
794.56
794.55
794.53
794.57
794.69
794.72
795.61
795.68
795.59
796.54
796.53
796.58
796.62
796.55
796.67
796.74
797.59
797.63
797.66
798.54
798.64
798.68
798.63
799.64
799.62
799.68
800.48
800.50
800.62
800.65
800.68
801.55
801.61
801.60
801.64
802.56
802.48
802.63
802.69
803.64
804.58
804.49
804.71
805.58
805.53
806.57
806.59
806.51
806.69
806.72
808.57
808.59
808.51
808.58
808.67
808.70
808.74
809.08
809.66
810.60
810.59
810.53
810.64
810.76
810.75
811.59
811.62
812.62
812.55
812.54
812.66
813.60
813.64
813.70
814.64
814.63
814.60
814.69
815.62
816.58
816.57
816.65
816.71
816.66
817.60
817.67
818.55
818.59
818.72
819.68
819.61
820.62
820.70
820.74
821.57
822.48
822.54
822.76
823.62
823.68
823.75
824.48
824.56
824.70
825.64
825.69
826.56
826.49
826.50
826.57
826.71
827.65
827.71
828.58
828.51
828.52
829.65
829.63
829.67
830.59
830.52
832.57
832.61
832.24
832.70
832.74
833.52
833.71
834.59
834.72
834.76
835.53
836.73
836.77
839.65
839.71
840.51
840.66
842.46
842.72
842.67
844.54
844.48
844.74
844.69
845.63
846.63
846.29
846.75
846.76
847.53
847.57
847.58
848.77
849.59
850.56
850.78
850.79
851.71
851.78
852.56
852.57
852.73
852.80
853.67
853.73
853.80
854.58
854.74
855.65
855.74
856.69
857.52
858.69
858.76
858.70
859.53
860.73
860.77
861.55
861.59
862.79
863.57
863.56
864.80
865.67
866.58
866.61
867.68
868.54
868.72
868.73
868.69
868.75
869.37
869.70
870.48
870.56
870.76
870.70
871.57
872.56
872.50
872.57
872.77
872.71
872.72
873.66
874.56
874.51
874.79
876.56
876.57
876.80
877.73
877.80
878.58
878.51
878.81
878.82
879.74
879.81
880.58
880.59
880.72
880.82
881.70
881.76
882.61
882.73
883.53
883.72
883.77
884.51
885.37
885.55
885.67
885.73
886.40
886.75
886.79
887.56
888.54
888.47
888.80
890.78
890.82
891.36
892.47
892.55
892.83
894.49
894.74
894.70
896.50
896.71
896.76
896.72
897.57
898.58
898.77
898.79
898.74
899.50
900.59
900.74
900.75
901.52
902.40
902.58
902.65
903.74
903.81
904.59
904.83
905.41
905.76
905.83
906.61
906.26
906.83
906.85
907.35
907.33
907.53
907.77
907.84
908.51
908.86
909.55
909.73
909.79
910.46
912.54
912.75
914.55
914.72
916.57
916.83
917.68
917.69
917.70
918.85
919.72
921.31
921.73
922.77
923.33
923.50
924.79
924.80
924.74
924.75
925.52
925.76
926.77
927.52
927.78
928.83
929.36
929.54
930.43
930.85
932.87
943.70
945.58
946.72
948.79
950.80
951.78
952.82
955.76
956.52
960.55
969.72
971.73
981.28
982.54
1194.82
1210.82
1215.75
1488.10
