220.04
221.08
221.95
221.12
223.06
223.10
223.15
224.13
224.19
226.18
227.07
227.21
227.18
228.20
228.23
229.18
230.12
231.93
232.15
233.15
233.93
234.13
235.17
235.93
235.19
237.09
237.18
237.19
239.09
239.10
239.14
239.90
239.24
239.95
242.03
242.21
243.02
243.20
244.19
245.17
246.10
247.94
247.23
249.21
249.15
250.14
251.14
251.04
251.15
251.19
252.92
253.14
253.18
254.21
255.16
256.09
256.23
256.26
257.25
259.19
259.08
261.07
262.05
264.25
265.15
265.25
266.23
267.17
267.27
268.26
269.21
270.24
270.07
271.92
271.23
272.19
272.26
272.22
275.12
275.91
275.26
276.22
278.25
279.16
280.10
280.26
281.05
281.95
282.22
282.28
284.29
284.30
285.91
285.21
285.24
287.22
287.89
288.25
288.22
289.94
289.99
289.27
289.23
290.16
290.20
291.25
292.28
293.18
294.21
294.15
295.91
295.10
296.26
297.08
297.15
298.27
299.29
300.06
300.29
302.23
303.25
303.30
304.25
304.22
304.91
304.19
304.30
304.18
304.92
304.31
304.21
305.22
305.30
305.25
306.30
306.25
307.86
307.26
307.25
308.28
308.29
309.86
309.17
310.31
311.13
311.17
312.94
312.33
313.21
313.27
314.20
316.21
316.28
317.94
317.15
317.30
318.23
318.19
318.94
319.30
320.24
320.89
320.21
320.28
320.30
321.25
321.32
323.90
324.00
324.33
325.18
326.38
327.25
327.33
327.08
328.92
328.21
328.91
328.16
329.00
329.01
329.20
329.27
330.97
330.23
331.97
331.28
331.00
332.96
332.28
332.12
332.33
332.21
333.14
334.19
334.31
335.29
336.01
336.91
336.20
336.33
336.31
337.21
337.33
338.86
338.23
339.29
339.20
339.34
340.35
340.36
340.06
341.11
341.05
341.30
341.31
341.35
343.30
343.26
343.21
343.28
345.30
345.34
346.94
346.22
347.95
348.86
348.20
348.31
350.98
350.25
350.29
352.32
352.36
353.20
353.27
353.35
354.20
354.34
354.37
354.12
354.11
355.07
355.26
355.22
355.28
355.37
356.24
356.83
357.30
357.38
358.26
358.37
359.28
359.95
359.32
359.97
360.99
360.24
360.32
362.88
362.29
362.99
362.33
364.36
365.88
366.91
366.37
368.32
368.39
369.16
370.00
371.10
371.33
371.23
371.32
372.24
372.35
372.13
373.19
373.29
373.22
374.10
374.25
374.14
374.30
374.33
375.31
375.28
376.26
376.34
378.21
378.98
379.01
379.28
381.00
380.34
381.23
381.30
383.98
383.32
383.35
383.40
384.35
384.05
385.33
385.35
386.33
386.40
387.18
387.09
387.21
387.31
387.35
388.84
388.34
388.13
389.11
390.87
390.32
390.11
391.32
392.29
392.23
392.34
393.29
393.34
393.22
393.28
393.07
394.32
394.22
395.11
395.28
395.22
397.23
397.29
397.19
397.38
398.23
399.26
399.35
399.77
400.27
400.38
400.41
401.22
402.28
402.17
403.23
403.18
403.35
403.31
404.21
404.82
404.26
404.16
404.37
405.24
405.32
405.30
406.14
408.37
408.31
408.28
409.28
409.33
409.38
410.21
411.25
411.32
411.21
411.38
412.38
412.78
413.27
413.38
414.43
414.17
415.24
415.34
416.27
416.22
416.37
417.29
417.21
417.24
417.37
418.35
419.32
419.30
419.29
420.25
420.26
422.35
422.29
423.28
423.27
423.25
424.36
424.24
424.28
425.26
425.22
425.27
427.30
427.29
427.38
427.39
427.81
428.23
429.25
429.37
429.09
430.24
430.20
430.09
430.99
431.21
431.34
433.27
433.21
433.35
433.33
435.18
436.32
436.36
437.26
438.34
438.27
439.24
441.25
441.79
441.30
442.43
443.27
443.28
444.16
444.30
444.20
444.25
444.22
444.40
444.41
444.42
445.29
445.24
445.31
445.79
445.12
445.41
446.16
446.21
446.12
446.41
447.26
447.29
447.33
447.35
448.12
449.31
449.36
450.38
451.81
451.43
451.29
452.20
452.39
452.27
453.25
454.46
455.33
455.32
456.22
456.29
457.16
457.28
457.27
458.27
458.23
459.23
459.24
460.29
461.31
462.15
462.23
462.30
464.16
464.40
465.79
465.30
465.14
466.37
467.30
467.32
467.80
468.39
468.84
468.85
469.78
469.28
469.29
470.20
470.85
471.30
471.31
472.21
472.20
472.24
472.28
473.28
473.27
473.32
474.19
474.24
475.30
475.32
475.36
476.24
477.34
478.29
478.18
478.41
480.16
480.31
480.30
481.22
481.29
482.81
482.37
482.32
482.35
484.47
487.32
487.29
487.87
488.32
489.31
489.27
489.32
489.34
489.82
489.15
490.26
490.33
490.35
490.43
491.18
491.33
491.35
492.32
492.20
494.25
494.33
495.80
496.34
496.79
496.51
497.32
497.79
498.45
498.23
499.33
500.79
500.78
500.23
500.24
500.32
501.33
502.22
502.27
502.78
503.33
503.11
504.32
504.27
505.39
507.80
507.41
509.80
509.85
511.79
511.33
511.37
511.87
512.42
513.84
515.79
515.40
517.30
517.37
518.29
518.36
518.49
519.14
520.34
522.36
522.15
523.38
524.37
525.81
526.40
526.52
527.86
527.82
528.46
529.80
530.26
530.48
530.90
530.51
530.87
531.85
532.35
535.35
535.79
536.82
537.17
537.54
537.79
537.81
538.16
538.52
538.54
540.45
542.18
542.48
543.78
544.49
544.51
545.87
546.32
546.49
547.52
548.35
549.45
550.87
550.88
551.50
552.20
552.53
553.84
553.86
554.87
554.18
554.48
554.51
555.85
556.44
556.49
557.44
558.51
561.45
565.57
566.55
568.57
568.49
569.91
570.42
570.21
570.51
571.91
571.90
572.15
572.53
573.90
574.54
575.47
577.52
577.48
579.53
582.51
584.53
586.44
586.54
589.48
590.48
591.50
592.09
596.53
598.54
600.47
600.56
603.54
604.55
605.55
607.56
608.53
608.47
610.54
611.19
611.54
611.18
612.18
612.56
613.56
613.18
614.56
614.57
615.49
615.91
615.50
617.50
617.51
618.52
619.29
620.53
621.31
624.56
624.24
626.57
629.46
630.77
633.49
633.96
634.54
635.50
636.56
637.30
638.33
638.34
638.56
638.57
640.58
640.59
641.51
642.59
642.60
643.52
643.53
644.53
645.53
646.55
647.42
647.46
647.56
650.47
654.33
654.57
654.60
656.72
656.58
657.49
658.41
658.53
659.50
660.58
661.52
662.48
666.43
666.54
666.60
667.53
671.55
672.55
673.53
673.56
674.48
674.46
675.54
676.49
678.69
680.54
680.43
680.58
682.46
683.49
685.20
685.52
685.44
686.20
686.52
686.57
686.44
688.52
688.49
688.61
689.45
690.51
690.62
692.51
692.52
693.56
694.50
696.48
697.36
698.46
698.26
701.56
701.41
702.21
702.51
702.54
703.57
703.58
704.52
706.99
706.54
712.49
714.47
714.51
716.52
716.64
717.59
718.54
720.55
723.51
724.57
726.54
726.55
728.61
728.56
729.59
730.54
730.58
730.57
731.74
731.61
732.55
732.59
734.56
734.57
736.60
738.51
738.66
740.52
740.53
741.58
742.64
742.54
744.56
744.55
744.59
745.59
746.52
746.57
746.56
748.58
750.54
751.57
752.68
754.54
754.69
756.55
756.49
757.56
758.57
759.22
759.57
760.22
760.58
760.59
761.58
761.59
761.22
762.50
762.59
762.60
764.52
764.68
766.54
766.69
768.55
768.54
768.71
770.54
770.57
771.65
772.54
772.59
772.58
772.08
772.27
774.60
776.23
776.55
776.61
776.62
778.69
780.55
780.49
780.71
782.57
782.51
782.72
784.58
784.59
784.57
784.53
786.60
788.61
788.62
789.58
790.56
790.69
792.71
794.72
796.08
796.74
798.54
798.09
800.62
801.55
802.58
802.56
802.63
804.58
804.71
805.58
806.72
808.59
808.58
808.74
809.08
810.60
810.59
810.76
812.62
812.66
814.63
816.55
817.46
818.56
818.59
818.72
819.55
820.74
822.54
822.75
822.76
824.56
828.58
830.59
832.61
832.24
832.74
834.76
834.75
836.77
843.09
846.18
846.29
846.76
846.75
848.77
850.25
850.78
861.55
862.79
874.79
876.80
878.58
880.59
880.72
898.79
902.58
904.59
904.83
906.26
914.72
915.75
919.56
924.27
934.64
943.56
945.58
950.64
980.28
990.67
1055.30
1194.82
1210.81
1342.93
1488.10
